    0.000000	    0.000000	    0.000000
    0.000001	    0.000000	    0.015000
    0.000003	    0.000000	    0.020000
    0.000008	    0.000001	    0.025000
    0.000021	    0.000003	    0.030000
    0.000045	    0.000007	    0.035000
    0.000087	    0.000014	    0.040000
    0.000157	    0.000025	    0.045000
    0.000266	    0.000043	    0.050000
    0.000458	    0.000082	    0.055000
    0.000740	    0.000143	    0.060000
    0.001140	    0.000232	    0.065000
    0.001695	    0.000357	    0.070000
    0.002451	    0.000528	    0.075000
    0.003468	    0.000759	    0.080000
    0.004830	    0.001062	    0.085000
    0.006656	    0.001459	    0.090000
    0.009111	    0.001973	    0.095000
    0.012436	    0.002638	    0.100000
    0.016977	    0.003498	    0.105000
    0.023230	    0.004611	    0.110000
    0.031893	    0.006060	    0.115000
    0.043916	    0.007954	    0.120000
    0.060547	    0.010438	    0.125000
    0.083332	    0.013704	    0.130000
    0.114053	    0.017991	    0.135000
    0.154586	    0.023590	    0.140000
    0.206694	    0.030836	    0.145000
    0.271817	    0.040098	    0.150000
    0.350942	    0.051760	    0.155000
    0.444616	    0.066205	    0.160000
    0.553088	    0.083807	    0.165000
    0.676505	    0.104921	    0.170000
    0.815091	    0.129885	    0.175000
    0.969248	    0.159028	    0.180000
    1.139591	    0.192675	    0.185000
    1.288044	    0.223051	    0.189000
    1.307390	    0.227074	    0.189500
    1.326916	    0.231149	    0.190000
    1.346621	    0.235275	    0.190500
    1.366506	    0.239453	    0.191000
    1.386573	    0.243683	    0.191500
    1.406822	    0.247966	    0.192000
    1.427256	    0.252302	    0.192500
    1.447873	    0.256691	    0.193000
    1.468677	    0.261134	    0.193500
    1.489668	    0.265631	    0.194000
    1.510846	    0.270183	    0.194500
    1.532214	    0.274789	    0.195000
    1.553772	    0.279450	    0.195500
    1.575521	    0.284166	    0.196000
    1.597463	    0.288938	    0.196500
    1.619598	    0.293766	    0.197000
    1.641928	    0.298651	    0.197500
    1.664454	    0.303592	    0.198000
    1.687177	    0.308591	    0.198500
    1.710098	    0.313647	    0.199000
    1.733218	    0.318761	    0.199500
    1.756539	    0.323933	    0.200000
    1.780061	    0.329163	    0.200500
    1.803786	    0.334453	    0.201000
    1.827715	    0.339802	    0.201500
    1.851850	    0.345210	    0.202000
    1.876190	    0.350679	    0.202500
    1.900738	    0.356207	    0.203000
    1.925495	    0.361797	    0.203500
    1.950461	    0.367447	    0.204000
    1.975639	    0.373160	    0.204500
    2.001029	    0.378933	    0.205000
    2.026632	    0.384769	    0.205500
    2.052450	    0.390668	    0.206000
    2.078484	    0.396630	    0.206500
    2.104735	    0.402654	    0.207000
    2.131204	    0.408743	    0.207500
    2.157892	    0.414895	    0.208000
    2.184801	    0.421112	    0.208500
    2.211932	    0.427394	    0.209000
    2.239287	    0.433741	    0.209500
    2.266865	    0.440154	    0.210000
    2.294669	    0.446632	    0.210500
    2.322699	    0.453177	    0.211000
    2.350958	    0.459788	    0.211500
    2.379446	    0.466467	    0.212000
    2.408164	    0.473213	    0.212500
    2.437113	    0.480027	    0.213000
    2.466296	    0.486909	    0.213500
    2.495712	    0.493859	    0.214000
    2.525364	    0.500879	    0.214501
    2.555252	    0.507968	    0.215001
    2.585377	    0.515127	    0.215501
    2.615742	    0.522356	    0.216001
    2.646347	    0.529655	    0.216501
    2.677193	    0.537026	    0.217001
    2.708282	    0.544468	    0.217501
    2.739614	    0.551982	    0.218001
    2.771192	    0.559567	    0.218501
    2.803015	    0.567226	    0.219001
    2.835087	    0.574957	    0.219501
    2.867406	    0.582762	    0.220001
    2.899976	    0.590640	    0.220501
    2.932797	    0.598592	    0.221001
    2.965871	    0.606619	    0.221501
    2.999197	    0.614721	    0.222001
    3.032779	    0.622899	    0.222501
    3.066617	    0.631152	    0.223001
    3.100712	    0.639481	    0.223501
    3.135066	    0.647887	    0.224001
    3.169679	    0.656370	    0.224501
    3.204553	    0.664930	    0.225001
    3.239690	    0.673568	    0.225501
    3.275090	    0.682284	    0.226001
    3.310755	    0.691079	    0.226501
    3.346685	    0.699953	    0.227001
    3.382883	    0.708906	    0.227501
    3.419349	    0.717939	    0.228001
    3.456085	    0.727052	    0.228501
    3.493091	    0.736246	    0.229001
    3.530370	    0.745521	    0.229501
    3.567921	    0.754878	    0.230001
    3.605748	    0.764317	    0.230501
    3.643850	    0.773838	    0.231001
    3.682229	    0.783441	    0.231501
    3.720887	    0.793128	    0.232001
    3.759824	    0.802899	    0.232501
    3.799041	    0.812753	    0.233001
    3.838541	    0.822692	    0.233501
    3.878324	    0.832716	    0.234001
    3.918391	    0.842825	    0.234501
    3.958744	    0.853020	    0.235001
    3.999384	    0.863302	    0.235501
    4.040312	    0.873669	    0.236001
    4.081530	    0.884124	    0.236501
    4.123038	    0.894666	    0.237001
    4.164838	    0.905296	    0.237501
    4.206931	    0.916015	    0.238001
    4.249319	    0.926822	    0.238501
    4.292003	    0.937718	    0.239001
    4.334983	    0.948704	    0.239501
    4.378261	    0.959780	    0.240001
    4.421839	    0.970946	    0.240501
    4.465718	    0.982203	    0.241001
    4.509898	    0.993552	    0.241501
    4.554381	    1.004993	    0.242001
    4.599169	    1.016525	    0.242501
    4.644263	    1.028151	    0.243001
    4.689664	    1.039869	    0.243501
    4.735373	    1.051681	    0.244001
    4.781391	    1.063587	    0.244501
    4.827720	    1.075587	    0.245001
    4.874361	    1.087683	    0.245501
    4.921315	    1.099873	    0.246001
    4.968584	    1.112160	    0.246501
    5.016168	    1.124542	    0.247001
    5.064070	    1.137021	    0.247501
    5.112290	    1.149597	    0.248001
    5.160829	    1.162271	    0.248501
    5.209689	    1.175043	    0.249001
    5.258872	    1.187913	    0.249501
    5.308378	    1.200882	    0.250001
    5.358208	    1.213951	    0.250501
    5.408364	    1.227119	    0.251001
    5.458848	    1.240388	    0.251501
    5.509660	    1.253757	    0.252001
    5.560802	    1.267227	    0.252501
    5.612276	    1.280799	    0.253001
    5.664081	    1.294473	    0.253501
    5.716220	    1.308250	    0.254001
    5.768694	    1.322129	    0.254501
    5.821504	    1.336112	    0.255001
    5.874652	    1.350199	    0.255501
    5.928139	    1.364390	    0.256001
    5.981966	    1.378686	    0.256501
    6.036134	    1.393087	    0.257001
    6.090645	    1.407594	    0.257501
    6.145500	    1.422207	    0.258001
    6.200700	    1.436927	    0.258501
    6.256247	    1.451753	    0.259001
    6.312141	    1.466688	    0.259501
    6.368385	    1.481730	    0.260001
    6.424980	    1.496881	    0.260501
    6.481926	    1.512141	    0.261001
    6.539226	    1.527510	    0.261501
    6.596880	    1.542990	    0.262001
    6.654890	    1.558579	    0.262501
    6.713257	    1.574280	    0.263001
    6.771982	    1.590091	    0.263501
    6.831067	    1.606015	    0.264001
    6.890514	    1.622051	    0.264502
    6.950322	    1.638199	    0.265002
    7.010495	    1.654461	    0.265502
    7.071032	    1.670836	    0.266002
    7.131936	    1.687325	    0.266502
    7.193208	    1.703930	    0.267002
    7.254849	    1.720649	    0.267502
    7.316860	    1.737483	    0.268002
    7.379243	    1.754434	    0.268502
    7.441999	    1.771501	    0.269002
    7.505129	    1.788686	    0.269502
    7.568636	    1.805988	    0.270002
    7.632519	    1.823407	    0.270502
    7.696781	    1.840945	    0.271002
    7.761423	    1.858602	    0.271502
    7.826446	    1.876379	    0.272002
    7.891852	    1.894275	    0.272502
    7.957642	    1.912292	    0.273002
    8.023817	    1.930430	    0.273502
    8.090378	    1.948688	    0.274002
    8.157328	    1.967069	    0.274502
    8.224667	    1.985572	    0.275002
    8.292397	    2.004198	    0.275502
    8.360520	    2.022947	    0.276002
    8.429035	    2.041820	    0.276502
    8.497946	    2.060817	    0.277002
    8.567253	    2.079939	    0.277502
    8.636958	    2.099186	    0.278002
    8.707061	    2.118559	    0.278502
    8.777566	    2.138058	    0.279002
    8.848472	    2.157684	    0.279502
    8.919781	    2.177436	    0.280002
    8.991495	    2.197317	    0.280502
    9.063615	    2.217326	    0.281002
    9.136143	    2.237464	    0.281502
    9.209080	    2.257730	    0.282002
    9.282427	    2.278127	    0.282502
    9.356185	    2.298653	    0.283002
    9.430357	    2.319311	    0.283502
    9.504943	    2.340099	    0.284002
    9.579945	    2.361019	    0.284502
    9.655365	    2.382072	    0.285002
    9.731203	    2.403257	    0.285502
    9.807462	    2.424575	    0.286002
    9.884142	    2.446027	    0.286502
    9.961245	    2.467613	    0.287002
   10.038773	    2.489334	    0.287502
   10.116727	    2.511190	    0.288002
   10.195108	    2.533181	    0.288502
   10.273918	    2.555309	    0.289002
   10.353158	    2.577574	    0.289502
   10.432830	    2.599976	    0.290002
   10.512935	    2.622515	    0.290502
   10.593475	    2.645193	    0.291002
   10.674451	    2.668010	    0.291502
   10.755865	    2.690966	    0.292002
   10.837717	    2.714061	    0.292502
   10.920010	    2.737297	    0.293002
   11.002745	    2.760674	    0.293502
   11.085924	    2.784192	    0.294002
   11.169547	    2.807852	    0.294502
   11.253616	    2.831654	    0.295002
   11.338134	    2.855599	    0.295502
   11.423101	    2.879688	    0.296002
   11.508518	    2.903920	    0.296502
   11.594388	    2.928297	    0.297002
   11.680711	    2.952819	    0.297502
   11.767490	    2.977487	    0.298002
   11.854726	    3.002300	    0.298502
   11.942420	    3.027260	    0.299002
   12.030573	    3.052366	    0.299502
   12.119188	    3.077621	    0.300002
   12.208266	    3.103023	    0.300502
   12.297808	    3.128574	    0.301002
   12.387816	    3.154275	    0.301502
   12.478291	    3.180124	    0.302002
   12.569234	    3.206124	    0.302502
   12.660649	    3.232275	    0.303002
   12.752535	    3.258577	    0.303502
   12.844894	    3.285031	    0.304002
   12.937728	    3.311637	    0.304502
   13.031039	    3.338396	    0.305002
   13.124828	    3.365308	    0.305502
   13.219096	    3.392374	    0.306002
   13.313845	    3.419595	    0.306502
   13.409077	    3.446970	    0.307002
   13.504793	    3.474501	    0.307502
   13.600994	    3.502188	    0.308002
   13.697683	    3.530032	    0.308502
   13.794861	    3.558033	    0.309002
   13.892529	    3.586191	    0.309502
   13.990689	    3.614508	    0.310002
   14.089342	    3.642983	    0.310502
   14.188490	    3.671617	    0.311002
   14.288135	    3.700412	    0.311502
   14.388279	    3.729366	    0.312002
   14.488921	    3.758482	    0.312502
   14.590066	    3.787759	    0.313002
   14.691713	    3.817198	    0.313502
   14.793864	    3.846800	    0.314003
   14.896522	    3.876564	    0.314503
   14.999687	    3.906492	    0.315003
   15.103362	    3.936585	    0.315503
   15.207547	    3.966842	    0.316003
   15.312245	    3.997264	    0.316503
   15.417457	    4.027852	    0.317003
   15.523184	    4.058607	    0.317503
   15.629429	    4.089528	    0.318003
   15.736193	    4.120617	    0.318503
   15.843477	    4.151874	    0.319003
   15.951283	    4.183299	    0.319503
   16.059613	    4.214894	    0.320003
   16.168468	    4.246658	    0.320503
   16.277850	    4.278592	    0.321003
   16.387761	    4.310698	    0.321503
   16.498201	    4.342974	    0.322003
   16.609174	    4.375423	    0.322503
   16.720680	    4.408044	    0.323003
   16.832722	    4.440838	    0.323503
   16.945300	    4.473805	    0.324003
   17.058416	    4.506947	    0.324503
   17.172073	    4.540263	    0.325003
   17.286271	    4.573755	    0.325503
   17.401012	    4.607423	    0.326003
   17.516299	    4.641267	    0.326503
   17.632132	    4.675287	    0.327003
   17.748513	    4.709486	    0.327503
   17.865445	    4.743862	    0.328003
   17.982928	    4.778418	    0.328503
   18.100964	    4.813152	    0.329003
   18.219556	    4.848066	    0.329503
   18.338704	    4.883161	    0.330003
   18.458410	    4.918437	    0.330503
   18.578677	    4.953894	    0.331003
   18.699505	    4.989533	    0.331503
   18.820896	    5.025355	    0.332003
   18.942853	    5.061360	    0.332503
   19.065377	    5.097549	    0.333003
   19.188469	    5.133923	    0.333503
   19.312131	    5.170481	    0.334003
   19.436365	    5.207225	    0.334503
   19.561172	    5.244155	    0.335003
   19.686555	    5.281272	    0.335503
   19.812516	    5.318576	    0.336003
   19.939054	    5.356068	    0.336503
   20.066173	    5.393748	    0.337003
   20.193875	    5.431617	    0.337503
   20.322160	    5.469676	    0.338003
   20.451031	    5.507926	    0.338503
   20.580489	    5.546366	    0.339003
   20.710537	    5.584997	    0.339503
   20.841175	    5.623820	    0.340003
   20.972406	    5.662836	    0.340503
   21.104231	    5.702045	    0.341003
   21.236652	    5.741448	    0.341503
   21.369671	    5.781045	    0.342003
   21.503290	    5.820837	    0.342503
   21.637509	    5.860825	    0.343003
   21.772332	    5.901008	    0.343503
   21.907760	    5.941389	    0.344003
   22.043794	    5.981966	    0.344503
   22.180437	    6.022742	    0.345003
   22.317690	    6.063716	    0.345503
   22.455554	    6.104889	    0.346003
   22.594033	    6.146262	    0.346503
   22.733126	    6.187834	    0.347003
   22.872837	    6.229608	    0.347503
   23.013168	    6.271584	    0.348003
   23.154118	    6.313761	    0.348503
   23.295692	    6.356141	    0.349003
   23.437890	    6.398724	    0.349503
   23.580713	    6.441512	    0.350003
   23.724165	    6.484503	    0.350503
   23.867311	    6.527420	    0.351000
   24.449947	    6.702262	    0.353000
   25.042803	    6.880434	    0.355000
   25.645997	    7.061975	    0.357000
   26.259645	    7.246925	    0.359000
   26.883867	    7.435322	    0.361000
   27.518780	    7.627208	    0.363000
   28.164506	    7.822621	    0.365000
   28.821163	    8.021603	    0.367000
   29.488875	    8.224193	    0.369000
   30.167761	    8.430432	    0.371000
   30.857946	    8.640361	    0.373000
   31.559552	    8.854022	    0.375000
   32.272703	    9.071455	    0.377000
   32.997526	    9.292703	    0.379000
   33.734145	    9.517806	    0.381000
   34.482687	    9.746808	    0.383000
   35.243279	    9.979749	    0.385000
   36.016049	   10.216674	    0.387000
   36.801125	   10.457623	    0.389000
   37.598637	   10.702641	    0.391000
   38.408716	   10.951771	    0.393000
   39.231491	   11.205055	    0.395000
   40.067095	   11.462537	    0.397000
   40.915660	   11.724262	    0.399000
   41.777319	   11.990273	    0.401000
   42.652206	   12.260614	    0.403000
   43.540456	   12.535331	    0.405000
   44.442202	   12.814467	    0.407000
   45.357583	   13.098067	    0.409000
   46.286734	   13.386177	    0.411000
   47.229792	   13.678843	    0.413000
   48.186897	   13.976109	    0.415000
   49.158186	   14.278022	    0.417000
   50.143800	   14.584628	    0.419000
   51.143879	   14.895973	    0.421000
   52.158564	   15.212103	    0.423000
   53.187997	   15.533066	    0.425000
   54.232319	   15.858908	    0.427000
   55.291676	   16.189677	    0.429000
   56.366209	   16.525420	    0.431000
   57.456065	   16.866184	    0.433000
   58.561388	   17.212018	    0.435000
   59.682325	   17.562970	    0.437000
   60.819023	   17.919088	    0.439000
   61.971628	   18.280420	    0.441000
   63.140289	   18.647017	    0.443000
   64.325156	   19.018926	    0.445000
   65.526378	   19.396196	    0.447000
   66.744105	   19.778879	    0.449000
   67.978488	   20.167022	    0.451000
   69.229680	   20.560677	    0.453001
   70.497833	   20.959893	    0.455001
   71.783099	   21.364721	    0.457001
   73.085633	   21.775211	    0.459001
   74.405591	   22.191415	    0.461001
   75.743126	   22.613383	    0.463001
   77.098395	   23.041168	    0.465001
   78.471555	   23.474819	    0.467001
   79.862764	   23.914390	    0.469001
   81.272180	   24.359933	    0.471001
   82.699961	   24.811499	    0.473001
   84.146267	   25.269142	    0.475001
   85.611259	   25.732913	    0.477001
   87.095097	   26.202867	    0.479001
   88.597944	   26.679055	    0.481001
   90.119961	   27.161533	    0.483001
   91.661313	   27.650352	    0.485001
   93.222162	   28.145568	    0.487001
   94.802674	   28.647234	    0.489001
   96.403014	   29.155405	    0.491001
   98.023347	   29.670135	    0.493001
   99.663841	   30.191479	    0.495001
  101.324663	   30.719493	    0.497001
  103.005980	   31.254231	    0.499001
  104.707963	   31.795750	    0.501001
  106.430779	   32.344104	    0.503001
  108.174600	   32.899350	    0.505001
  109.939596	   33.461544	    0.507001
  111.725940	   34.030742	    0.509001
  113.533802	   34.607002	    0.511001
  115.363357	   35.190380	    0.513001
  117.214778	   35.780934	    0.515001
  119.088240	   36.378720	    0.517001
  120.983917	   36.983796	    0.519001
  122.901986	   37.596221	    0.521001
  124.842623	   38.216052	    0.523001
  126.806005	   38.843347	    0.525001
  128.792310	   39.478166	    0.527001
  130.801717	   40.120566	    0.529001
  132.834406	   40.770608	    0.531001
  134.890555	   41.428349	    0.533001
  136.970347	   42.093851	    0.535001
  139.073963	   42.767171	    0.537001
  141.201584	   43.448372	    0.539001
  143.353393	   44.137511	    0.541001
  145.529575	   44.834651	    0.543001
  147.730313	   45.539851	    0.545001
  149.955792	   46.253172	    0.547001
  152.206199	   46.974676	    0.549001
  154.481719	   47.704424	    0.551001
  156.782539	   48.442477	    0.553001
  159.108848	   49.188898	    0.555001
  161.460833	   49.943748	    0.557001
  163.838684	   50.707089	    0.559001
  166.242591	   51.478985	    0.561001
  168.672745	   52.259497	    0.563001
  171.129336	   53.048689	    0.565001
  173.612556	   53.846624	    0.567001
  176.122600	   54.653366	    0.569001
  178.659659	   55.468977	    0.571001
  181.223927	   56.293522	    0.573001
  183.815601	   57.127066	    0.575001
  186.434874	   57.969672	    0.577001
  189.081944	   58.821405	    0.579001
  191.757007	   59.682330	    0.581001
  194.460261	   60.552512	    0.583001
  197.191904	   61.432016	    0.585001
  199.952136	   62.320908	    0.587001
  202.741155	   63.219253	    0.589001
  205.559162	   64.127118	    0.591001
  208.406359	   65.044568	    0.593001
  211.282947	   65.971671	    0.595001
  214.189129	   66.908493	    0.597001
  217.125108	   67.855100	    0.599001
  220.091087	   68.811560	    0.601001
  223.087272	   69.777941	    0.603001
  226.113868	   70.754310	    0.605001
  229.171081	   71.740734	    0.607001
  232.259118	   72.737283	    0.609001
  235.378185	   73.744023	    0.611001
  238.528492	   74.761025	    0.613001
  241.710247	   75.788356	    0.615001
  244.923659	   76.826085	    0.617001
  248.168939	   77.874283	    0.619001
  251.446298	   78.933017	    0.621001
  254.755947	   80.002359	    0.623001
  258.098099	   81.082378	    0.625001
  261.472966	   82.173144	    0.627001
  264.880764	   83.274727	    0.629001
  268.321705	   84.387199	    0.631001
  271.796005	   85.510630	    0.633001
  275.303881	   86.645091	    0.635001
  278.845548	   87.790653	    0.637001
  282.421224	   88.947389	    0.639001
  286.031127	   90.115370	    0.641001
  289.675476	   91.294667	    0.643001
  293.354489	   92.485355	    0.645001
  297.068388	   93.687503	    0.647001
  300.817392	   94.901187	    0.649001
  304.601724	   96.126478	    0.651002
  308.421605	   97.363450	    0.653002
  312.277259	   98.612176	    0.655002
  316.168908	   99.872729	    0.657002
  320.096778	  101.145185	    0.659002
  324.061094	  102.429617	    0.661002
  328.062080	  103.726098	    0.663002
  332.099964	  105.034705	    0.665002
  336.174972	  106.355512	    0.667002
  340.287333	  107.688593	    0.669002
  344.437275	  109.034025	    0.671002
  348.625028	  110.391882	    0.673002
  352.850820	  111.762241	    0.675002
  357.114883	  113.145177	    0.677002
  361.417448	  114.540767	    0.679002
  365.758748	  115.949088	    0.681002
  370.139014	  117.370215	    0.683002
  374.558481	  118.804226	    0.685002
  379.017383	  120.251198	    0.687002
  383.515954	  121.711209	    0.689002
  388.054430	  123.184336	    0.691002
  392.633048	  124.670656	    0.693002
  397.252043	  126.170249	    0.695002
  401.911655	  127.683192	    0.697002
  406.612121	  129.209565	    0.699002
  411.353681	  130.749445	    0.701002
  416.136574	  132.302912	    0.703002
  420.961041	  133.870045	    0.705002
  425.827323	  135.450924	    0.707002
  430.735662	  137.045629	    0.709002
  435.686301	  138.654238	    0.711002
  440.679483	  140.276834	    0.713002
  445.715451	  141.913495	    0.715002
  450.794452	  143.564303	    0.717002
  455.916729	  145.229339	    0.719002
  461.082530	  146.908684	    0.721002
  466.292102	  148.602419	    0.723002
  471.545691	  150.310626	    0.725002
  476.843546	  152.033386	    0.727002
  482.185916	  153.770782	    0.729002
  487.573051	  155.522896	    0.731002
  493.005201	  157.289811	    0.733002
  498.482617	  159.071609	    0.735002
  504.005551	  160.868373	    0.737002
  509.574256	  162.680188	    0.739002
  515.188985	  164.507135	    0.741002
  520.849991	  166.349299	    0.743002
  526.557530	  168.206764	    0.745002
  532.311856	  170.079614	    0.747002
  538.113227	  171.967934	    0.749002
  543.961897	  173.871807	    0.751002
  549.858126	  175.791319	    0.753002
  555.802170	  177.726556	    0.755002
  561.794290	  179.677602	    0.757002
  567.834744	  181.644543	    0.759002
  573.923793	  183.627465	    0.761002
  580.061698	  185.626453	    0.763002
  586.248721	  187.641595	    0.765002
  592.485123	  189.672977	    0.767002
  598.771169	  191.720685	    0.769002
  605.107121	  193.784806	    0.771002
  611.493245	  195.865429	    0.773002
  617.929805	  197.962639	    0.775002
  624.417068	  200.076525	    0.777002
  630.955300	  202.207175	    0.779002
  637.544769	  204.354677	    0.781002
  644.185743	  206.519119	    0.783002
  650.878490	  208.700591	    0.785002
  657.623280	  210.899180	    0.787002
  664.420383	  213.114976	    0.789002
  671.270070	  215.348068	    0.791002
  678.172613	  217.598546	    0.793002
  685.128284	  219.866499	    0.795002
  692.137356	  222.152019	    0.797002
  699.200102	  224.455194	    0.799002
  706.316798	  226.776116	    0.801002
  713.487718	  229.114875	    0.803002
  720.713138	  231.471562	    0.805002
  727.993335	  233.846268	    0.807002
  735.328586	  236.239085	    0.809002
  742.719169	  238.650105	    0.811002
  750.165362	  241.079418	    0.813002
  757.667446	  243.527119	    0.815002
  765.225699	  245.993298	    0.817002
  772.840404	  248.478049	    0.819002
  780.511841	  250.981464	    0.821002
  788.240293	  253.503637	    0.823002
  796.026043	  256.044660	    0.825002
  803.869374	  258.604628	    0.827002
  811.770571	  261.183633	    0.829002
  819.729919	  263.781771	    0.831002
  827.747703	  266.399135	    0.833002
  835.824210	  269.035820	    0.835002
  843.959728	  271.691921	    0.837002
  852.154543	  274.367532	    0.839002
  860.408946	  277.062748	    0.841002
  868.723224	  279.777666	    0.843002
  877.097669	  282.512381	    0.845002
  885.532570	  285.266988	    0.847002
  894.028220	  288.041584	    0.849002
  902.584910	  290.836265	    0.851003
  911.202934	  293.651128	    0.853003
  919.882585	  296.486269	    0.855003
  928.624156	  299.341786	    0.857003
  937.427945	  302.217777	    0.859003
  946.294245	  305.114337	    0.861003
  955.223353	  308.031566	    0.863003
  964.215567	  310.969561	    0.865003
  973.271184	  313.928420	    0.867003
  982.390504	  316.908243	    0.869003
  991.573824	  319.909127	    0.871003
 1000.821446	  322.931172	    0.873003
 1010.133669	  325.974477	    0.875003
 1019.510796	  329.039140	    0.877003
 1028.953128	  332.125263	    0.879003
 1038.460968	  335.232944	    0.881003
 1048.034620	  338.362285	    0.883003
 1057.674387	  341.513384	    0.885003
 1067.380576	  344.686343	    0.887003
 1077.153491	  347.881263	    0.889003
 1086.993439	  351.098244	    0.891003
 1096.900726	  354.337389	    0.893003
 1106.875662	  357.598798	    0.895003
 1116.918554	  360.882573	    0.897003
 1127.029711	  364.188816	    0.899003
 1137.209444	  367.517630	    0.901003
 1147.458062	  370.869117	    0.903003
 1157.775878	  374.243379	    0.905003
 1168.163204	  377.640520	    0.907003
 1178.620351	  381.060643	    0.909003
 1189.147634	  384.503851	    0.911003
 1199.745367	  387.970247	    0.913003
 1210.413865	  391.459936	    0.915003
 1221.153443	  394.973022	    0.917003
 1231.964418	  398.509609	    0.919003
 1242.847106	  402.069802	    0.921003
 1253.801826	  405.653705	    0.923003
 1264.828895	  409.261424	    0.925003
 1275.928634	  412.893064	    0.927003
 1287.101362	  416.548730	    0.929003
 1298.347399	  420.228528	    0.931003
 1309.667067	  423.932564	    0.933003
 1321.060688	  427.660944	    0.935003
 1332.528584	  431.413776	    0.937003
 1344.071080	  435.191164	    0.939003
 1355.688498	  438.993217	    0.941003
 1367.381165	  442.820042	    0.943003
 1379.149405	  446.671745	    0.945003
 1390.993545	  450.548436	    0.947003
 1402.913912	  454.450220	    0.949003
 1414.910834	  458.377207	    0.951003
 1426.984638	  462.329506	    0.953003
 1439.135655	  466.307223	    0.955003
 1451.364214	  470.310469	    0.957003
 1463.670645	  474.339352	    0.959003
 1476.055280	  478.393982	    0.961003
 1488.518451	  482.474468	    0.963003
 1501.060490	  486.580920	    0.965003
 1513.681731	  490.713448	    0.967003
 1526.382508	  494.872162	    0.969003
 1539.163156	  499.057173	    0.971003
 1552.024011	  503.268591	    0.973003
 1564.965408	  507.506527	    0.975003
 1577.987685	  511.771092	    0.977003
 1591.091179	  516.062398	    0.979003
 1604.276228	  520.380557	    0.981003
 1617.543173	  524.725679	    0.983003
 1630.892352	  529.097879	    0.985003
 1644.324107	  533.497266	    0.987003
 1657.838777	  537.923956	    0.989003
 1671.436707	  542.378059	    0.991003
 1685.118237	  546.859689	    0.993003
 1698.883712	  551.368960	    0.995003
 1712.733475	  555.905985	    0.997003
 1726.667872	  560.470878	    0.999003
 1804.811546	  586.073228	    1.010000
 1878.151223	  610.105419	    1.020000
 1953.707150	  634.867431	    1.030000
 2031.523719	  660.373910	    1.040000
 2111.645772	  686.639649	    1.050000
 2194.118596	  713.679590	    1.060000
 2278.987923	  741.508820	    1.070000
 2366.299934	  770.142576	    1.080000
 2456.101256	  799.596241	    1.090000
 2548.438961	  829.885346	    1.100000
 2643.360571	  861.025570	    1.110000
 2740.914052	  893.032739	    1.120000
 2841.147821	  925.922826	    1.130000
 2944.110738	  959.711954	    1.140000
 3049.852114	  994.416392	    1.150000
 3158.421706	 1030.052556	    1.160000
 3269.869719	 1066.637011	    1.170000
 3384.246805	 1104.186471	    1.180000
 3501.604066	 1142.717797	    1.190000
 3621.993049	 1182.247995	    1.200000
 3745.465753	 1222.794224	    1.210000
 3872.074621	 1264.373788	    1.220000
 4001.872548	 1307.004139	    1.230000
 4134.912876	 1350.702877	    1.240000
 4271.249395	 1395.487753	    1.250000
 4410.936345	 1441.376662	    1.260000
 4554.028413	 1488.387650	    1.270000
 4700.580738	 1536.538910	    1.280000
 4850.648904	 1585.848783	    1.290000
 5004.288948	 1636.335760	    1.300000
 5161.557353	 1688.018477	    1.310000
 5322.511054	 1740.915723	    1.320000
 5487.207434	 1795.046432	    1.330000
 5655.704325	 1850.429686	    1.340000
 5828.060010	 1907.084718	    1.350000
 6004.333221	 1965.030907	    1.360000
 6184.583141	 2024.287783	    1.370000
 6368.869400	 2084.875023	    1.380000
 6557.252081	 2146.812452	    1.390000
 6749.791716	 2210.120044	    1.400000
 6946.549287	 2274.817924	    1.410000
 7147.586227	 2340.926361	    1.420000
 7352.964418	 2408.465778	    1.430000
 7562.746195	 2477.456742	    1.440000
 7776.994342	 2547.919971	    1.450000
 7995.772092	 2619.876333	    1.460000
 8219.143132	 2693.346843	    1.470000
 8447.171598	 2768.352664	    1.480000
 8679.922077	 2844.915111	    1.490000
 8917.459609	 2923.055644	    1.500000
 9159.849681	 3002.795876	    1.510000
 9407.158236	 3084.157566	    1.520000
 9659.451665	 3167.162622	    1.530000
 9916.796811	 3251.833104	    1.540000
10179.260970	 3338.191217	    1.550000
10446.911888	 3426.259318	    1.560000
10719.817763	 3516.059913	    1.570000
10998.047245	 3607.615655	    1.580000
11281.669436	 3700.949348	    1.590000
11570.753890	 3796.083944	    1.600000
11865.370612	 3893.042546	    1.610000
12165.590059	 3991.848405	    1.620000
12471.483142	 4092.524920	    1.630000
12783.121222	 4195.095642	    1.640000
13100.576114	 4299.584270	    1.650000
13423.920085	 4406.014652	    1.660000
13753.225854	 4514.410785	    1.670000
14088.566593	 4624.796817	    1.680000
14430.015925	 4737.197044	    1.690000
14777.647929	 4851.635913	    1.700000
15131.537134	 4968.138019	    1.710000
15491.758523	 5086.728106	    1.720000
15858.387532	 5207.431070	    1.730000
16231.500049	 5330.271955	    1.740000
16611.172416	 5455.275953	    1.750000
16997.481428	 5582.468409	    1.760000
17390.504334	 5711.874815	    1.770000
17790.318834	 5843.520813	    1.780000
18197.003085	 5977.432197	    1.790000
18610.635694	 6113.634908	    1.800000
19031.295723	 6252.155037	    1.810000
19459.062688	 6393.018826	    1.820000
19894.016558	 6536.252667	    1.830000
20336.237756	 6681.883100	    1.840000
20785.807159	 6829.936815	    1.850000
21242.806098	 6980.440655	    1.860000
21707.316357	 7133.421609	    1.870000
22179.420175	 7288.906817	    1.880000
22659.200245	 7446.923571	    1.890000
23146.739715	 7607.499310	    1.900000
23642.122184	 7770.661625	    1.910000
24145.431710	 7936.438255	    1.920000
24656.752802	 8104.857092	    1.930000
25176.170424	 8275.946175	    1.940000
25703.769996	 8449.733695	    1.950000
26239.637391	 8626.247992	    1.960000
26783.858937	 8805.517558	    1.970000
27336.521417	 8987.571031	    1.980000
27897.712070	 9172.437204	    1.990000
28467.518587	 9360.145018	    2.000000
29046.029117	 9550.723562	    2.010000
29633.332262	 9744.202080	    2.020000
30229.517079	 9940.609962	    2.030000
30834.673081	10139.976751	    2.040000
31448.890237	10342.332138	    2.050000
32072.258969	10547.705966	    2.060000
32704.870156	10756.128228	    2.070000
33346.815132	10967.629067	    2.080000
33998.185686	11182.238776	    2.090000
34659.074062	11399.987799	    2.100000
35329.572963	11620.906731	    2.110000
36009.775542	11845.026316	    2.120000
36699.775413	12072.377449	    2.130000
37399.666643	12302.991177	    2.140000
38109.543754	12536.898694	    2.150000
38829.501727	12774.131348	    2.160000
39559.635995	13014.720635	    2.170000
40300.042451	13258.698204	    2.180000
41050.817442	13506.095853	    2.190000
41812.057771	13756.945530	    2.200000
42583.860697	14011.279335	    2.210000
43366.323936	14269.129518	    2.220000
44159.545660	14530.528480	    2.230000
44963.624498	14795.508772	    2.240000
45778.659534	15064.103096	    2.250000
46604.750310	15336.344304	    2.260000
47441.996823	15612.265402	    2.270000
48290.499528	15891.899542	    2.280000
49150.359336	16175.280029	    2.290000
50021.677615	16462.440320	    2.300000
50904.556189	16753.414021	    2.310000
51799.097340	17048.234890	    2.320000
52705.403805	17346.936834	    2.330000
53623.578781	17649.553913	    2.340000
54553.725919	17956.120337	    2.350000
55495.949328	18266.670466	    2.360000
56450.353575	18581.238813	    2.370000
57417.043683	18899.860040	    2.380000
58396.125134	19222.568961	    2.390000
59387.703864	19549.400541	    2.400000
60391.886269	19880.389895	    2.410000
61408.779203	20215.572290	    2.420000
62438.489974	20554.983144	    2.430000
63481.126351	20898.658024	    2.440000
64536.796559	21246.632652	    2.450000
65605.609280	21598.942898	    2.460000
66687.673655	21955.624784	    2.470000
67783.099283	22316.714482	    2.480000
68891.996218	22682.248318	    2.490000
70014.474974	23052.262767	    2.500000
71150.646507	23426.794449	    2.510000
72300.622281	23805.880154	    2.520000
73464.514177	24189.556809	    2.530000
74642.434514	24577.861484	    2.540000
75834.496110	24970.831417	    2.550000
77040.812226	25368.503990	    2.560000
78261.496582	25770.916737	    2.570000
79496.663357	26178.107342	    2.580000
80746.427185	26590.113643	    2.590000
82010.903163	27006.973627	    2.600000
83290.206843	27428.725434	    2.610000
84584.454236	27855.407353	    2.620000
85893.761812	28287.057827	    2.630000
87218.246501	28723.715449	    2.640000
88558.025688	29165.418964	    2.650000
89913.217219	29612.207267	    2.660000
91283.939399	30064.119407	    2.670000
92670.310990	30521.194582	    2.680000
94072.451215	30983.472143	    2.690000
95490.479754	31450.991591	    2.700000
96924.516747	31923.792581	    2.710000
98374.682791	32401.914917	    2.720000
99841.098945	32885.398555	    2.730000
101323.886725	33374.283605	    2.740000
102823.168105	33868.610324	    2.750000
104339.065522	34368.419125	    2.760000
105871.701868	34873.750571	    2.770000
107421.200497	35384.645375	    2.780000
108987.685220	35901.144404	    2.790000
110571.280310	36423.288676	    2.800000
112172.110497	36951.119360	    2.810000
113790.300971	37484.677776	    2.820000
115425.977382	38024.005399	    2.830000
117079.265839	38569.143852	    2.840000
118750.292911	39120.134911	    2.850000
120439.185626	39677.020504	    2.860000
122146.071473	40239.842712	    2.870000
123871.078398	40808.643765	    2.880000
125614.334810	41383.466046	    2.890000
127375.969574	41964.352092	    2.900000
129156.112019	42551.344588	    2.910000
130954.891931	43144.486373	    2.920000
132772.439556	43743.820439	    2.930000
134608.885601	44349.389926	    2.940000
136464.361233	44961.238130	    2.950000
138338.998079	45579.408497	    2.960000
140232.928225	46203.944625	    2.970000
142146.284217	46834.890263	    2.980000
144079.199064	47472.289314	    2.990000
146031.806231	48116.185832	    3.000000
148004.239648	48766.624022	    3.010000
149996.633700	49423.648242	    3.020000
152009.123237	50087.303003	    3.030000
154041.843568	50757.632965	    3.040000
156094.930460	51434.682943	    3.050000
158168.520144	52118.497903	    3.060000
160262.749308	52809.122962	    3.070000
162377.755105	53506.603391	    3.080000
164513.675144	54210.984612	    3.090000
166670.647499	54922.312199	    3.100000
168848.810700	55640.631878	    3.110000
171048.303741	56365.989527	    3.120000
173269.266076	57098.431178	    3.130000
175511.837620	57838.003012	    3.140000
177776.158748	58584.751365	    3.150000
180062.370297	59338.722724	    3.160000
182370.613564	60099.963728	    3.170000
184701.030308	60868.521169	    3.180000
187053.762748	61644.441990	    3.190000
189428.953564	62427.773286	    3.200000
191826.745899	63218.562307	    3.210000
194247.283354	64016.856453	    3.220000
196690.709994	64822.703275	    3.230000
199157.170343	65636.150480	    3.240000
201646.809389	66457.245925	    3.250000
204159.772579	67286.037619	    3.260000
206696.205821	68122.573723	    3.270000
209256.255487	68966.902553	    3.280000
211840.068409	69819.072575	    3.290000
214447.791878	70679.132408	    3.300000
217079.573652	71547.130823	    3.310000
219735.561945	72423.116744	    3.320000
222415.905435	73307.139248	    3.330000
225120.753264	74199.247562	    3.340000
227850.255030	75099.491068	    3.350000
230604.560799	76007.919299	    3.360000
233383.821093	76924.581941	    3.370000
236188.186900	77849.528833	    3.380000
239017.809669	78782.809966	    3.390000
241872.841308	79724.475483	    3.400000
244753.434191	80674.575679	    3.410000
247659.741151	81633.161004	    3.420000
250591.915485	82600.282058	    3.430000
253550.110949	83575.989594	    3.440000
256534.481765	84560.334520	    3.450000
259545.182614	85553.367893	    3.460000
262582.368641	86555.140925	    3.470000
265646.195453	87565.704980	    3.480000
268736.819117	88585.111574	    3.490000
271854.396164	89613.412376	    3.500000
274999.083588	90650.659207	    3.510000
278171.038845	91696.904044	    3.520000
281370.419851	92752.199011	    3.530000
284597.384988	93816.596390	    3.540000
287852.093098	94890.148612	    3.550000
291134.703486	95972.908263	    3.560000
294445.375919	97064.928081	    3.570000
297784.270628	98166.260956	    3.580000
301151.548305	99276.959930	    3.590000
304547.370107	100397.078202	    3.600000
307971.897650	101526.669118	    3.610000
311425.293015	102665.786182	    3.620000
314907.718747	103814.483046	    3.630000
318419.337850	104972.813519	    3.640000
321960.313794	106140.831560	    3.650000
325530.810511	107318.591283	    3.660000
329130.992395	108506.146952	    3.670000
332761.024304	109703.552986	    3.680000
336421.071558	110910.863958	    3.690000
340111.299941	112128.134589	    3.700000
343831.875699	113355.419759	    3.710000
347582.965541	114592.774497	    3.720000
351364.736641	115840.253986	    3.730000
355177.356634	117097.913561	    3.740000
359020.993618	118365.808712	    3.750000
362895.816156	119643.995080	    3.760000
366801.993274	120932.528459	    3.770000
370739.694458	122231.464798	    3.780000
374709.089662	123540.860197	    3.790000
378710.349300	124860.770909	    3.800000
382743.644251	126191.253341	    3.810000
386809.145856	127532.364053	    3.820000
390907.025922	128884.159757	    3.830000
395037.456716	130246.697319	    3.840000
399200.610970	131620.033758	    3.850000
403396.661882	133004.226245	    3.860000
407625.783109	134399.332105	    3.870000
411888.148775	135805.408816	    3.880000
416183.933467	137222.514009	    3.890000
420513.312234	138650.705468	    3.900000
424876.460590	140090.041130	    3.910000
429273.554514	141540.579085	    3.920000
433704.770446	143002.377578	    3.930000
438170.285292	144475.495004	    3.940000
442670.276421	145959.989913	    3.950000
447204.921666	147455.921009	    3.960000
451774.399323	148963.347147	    3.970000
456378.888153	150482.327336	    3.980000
461018.567381	152012.920740	    3.990000
465693.616696	153555.186673	    4.000000
470404.216250	155109.184605	    4.010000
475150.546660	156674.974158	    4.020000
479932.789007	158252.615107	    4.030000
484751.124836	159842.167381	    4.040000
489605.736157	161443.691062	    4.050000
494496.805442	163057.246385	    4.060000
499424.515629	164682.893739	    4.070000
504389.050120	166320.693664	    4.080000
509390.592781	167970.706858	    4.090000
514429.327943	169632.994167	    4.100000
519505.440400	171307.616593	    4.110000
524619.115412	172994.635292	    4.120000
529770.538702	174694.111573	    4.130000
534959.896458	176406.106896	    4.140000
540187.375333	178130.682878	    4.150000
545453.162444	179867.901286	    4.160000
550757.445373	181617.824043	    4.170000
556100.412165	183380.513223	    4.180000
561482.251332	185156.031057	    4.190000
566903.151848	186944.439926	    4.200000
572363.303155	188745.802365	    4.210000
577862.895156	190560.181064	    4.220000
583402.118222	192387.638865	    4.230000
588981.163186	194228.238765	    4.240000
594600.221348	196082.043912	    4.250000
600259.484472	197949.117610	    4.260000
605959.144786	199829.523315	    4.270000
611699.394984	201723.324638	    4.280000
617480.428225	203630.585341	    4.290000
623302.438132	205551.369343	    4.300000
629165.618793	207485.740712	    4.310000
635070.164763	209433.763674	    4.320000
641016.271060	211395.502606	    4.330000
647004.133166	213371.022040	    4.340000
653033.947032	215360.386660	    4.350000
659105.909071	217363.661305	    4.360000
665220.216162	219380.910966	    4.370000
671377.065649	221412.200790	    4.380000
677576.655341	223457.596075	    4.390000
683819.183514	225517.162275	    4.400000
690104.848906	227590.964996	    4.410000
696433.850725	229679.069998	    4.420000
702806.388639	231781.543195	    4.430000
709222.662785	233898.450655	    4.440000
715682.873765	236029.858598	    4.450000
722187.222644	238175.833400	    4.460000
728735.910957	240336.441589	    4.470000
735329.140699	242511.749848	    4.480000
741967.114335	244701.825012	    4.490000
748650.034793	246906.734072	    4.500000
755378.105467	249126.544169	    4.510000
762151.530218	251361.322603	    4.520000
768970.513372	253611.136824	    4.530000
775835.259718	255876.054436	    4.540000
782745.974516	258156.143199	    4.550000
789702.863486	260451.471023	    4.560000
796706.132818	262762.105977	    4.570000
803755.989166	265088.116278	    4.580000
810852.639649	267429.570302	    4.590000
817996.291854	269786.536575	    4.600000
825187.153833	272159.083780	    4.610000
832425.434102	274547.280750	    4.620000
839711.341646	276951.196476	    4.630000
847045.085914	279370.900101	    4.640000
854426.876821	281806.460920	    4.650000
861856.924749	284257.948385	    4.660000
869335.440545	286725.432101	    4.670000
876862.635523	289208.981825	    4.680000
884438.721463	291708.667470	    4.690000
892063.910610	294224.559103	    4.700000
899738.415677	296756.726944	    4.710000
907462.449840	299305.241367	    4.720000
915236.226745	301870.172899	    4.730000
923059.960502	304451.592224	    4.740000
930933.865688	307049.570177	    4.750000
938858.157345	309664.177749	    4.760000
946833.050984	312295.486082	    4.770000
954858.762580	314943.566475	    4.780000
962935.508574	317608.490381	    4.790000
971063.505876	320290.329405	    4.800000
979242.971860	322989.155307	    4.810000
987474.124368	325705.040002	    4.820000
995757.181707	328438.055556	    4.830000
1004092.362651	331188.274194	    4.840000
1012479.886442	333955.768289	    4.850000
1020919.972787	336740.610374	    4.860000
1029412.841860	339542.873132	    4.870000
1037958.714301	342362.629402	    4.880000
1046557.811217	345199.952176	    4.890000
1055210.354183	348054.914601	    4.900000
1063916.565239	350927.589977	    4.910000
1072676.666893	353818.051760	    4.920000
1081490.882117	356726.373558	    4.930000
1090359.434354	359652.629135	    4.940000
1099282.547510	362596.892407	    4.950000
1108260.445961	365559.237447	    4.960000
1117293.354547	368539.738479	    4.970000
1126381.498577	371538.469883	    4.980000
1135525.103825	374555.506194	    4.990000
1144724.396534	377590.922100	    5.000000
1153979.603430	380644.792448	    5.010000
1163290.951636	383717.192218	    5.020000
1172658.668849	386808.196577	    5.030000
1182082.983159	389917.880826	    5.040000
1191564.123145	393046.320423	    5.050000
1201102.317851	396193.590981	    5.060000
1210697.796787	399359.768269	    5.070000
1220350.789932	402544.928208	    5.080000
1230061.527732	405749.146874	    5.090000
1239830.241099	408972.500499	    5.100000
1249657.161414	412215.065466	    5.110000
1259542.520523	415476.918315	    5.120000
1269486.550740	418758.135739	    5.130000
1279489.484848	422058.794586	    5.140000
1289551.556096	425378.971858	    5.150000
1299672.998200	428718.744711	    5.160000
1309854.045344	432078.190456	    5.170000
1320094.932178	435457.386558	    5.180000
1330395.893823	438856.410635	    5.190000
1340757.165862	442275.340463	    5.200000
1351178.984351	445714.253969	    5.210000
1361661.585809	449173.229236	    5.220000
1372205.207226	452652.344499	    5.230000
1382810.086058	456151.678152	    5.240000
1393476.460228	459671.308738	    5.250000
1404204.568127	463211.314959	    5.260000
1414994.648614	466771.775669	    5.270000
1425846.941016	470352.769876	    5.280000
1436761.685127	473954.376745	    5.290000
1447739.121208	477576.675592	    5.300000
1458779.489990	481219.745891	    5.310000
1469883.032669	484883.667267	    5.320000
1481049.990911	488568.519503	    5.330000
1492280.606848	492274.382533	    5.340000
1503575.123082	496001.336448	    5.350000
1514933.782680	499749.461492	    5.360000
1526356.829179	503518.838065	    5.370000
1537844.506584	507309.546720	    5.380000
1549397.059367	511121.668165	    5.390000
1561014.732467	514955.283264	    5.400000
1572697.771293	518810.473033	    5.410000
1584446.421720	522687.318644	    5.420000
1596260.930094	526585.901423	    5.430000
1608141.543227	530506.302852	    5.440000
1620088.508397	534448.604566	    5.450000
1632102.073354	538412.888354	    5.460000
1644182.486315	542399.236162	    5.470000
1656329.995963	546407.730088	    5.480000
1668544.851452	550438.452386	    5.490000
1680827.302401	554491.485466	    5.500000
1693177.598901	558566.911889	    5.510000
1705595.991509	562664.814374	    5.520000
1718082.731250	566785.275792	    5.530000
1730638.069618	570928.379171	    5.540000
1743262.258575	575094.207692	    5.550000
1755955.550552	579282.844692	    5.560000
1768718.198447	583494.373661	    5.570000
1781550.455628	587728.878245	    5.580000
1794452.575930	591986.442243	    5.590000
1807424.813658	596267.149612	    5.600000
1820467.423583	600571.084460	    5.610000
1833580.660946	604898.331052	    5.620000
1846764.781457	609248.973807	    5.630000
1860020.041295	613623.097299	    5.640000
1873346.697104	618020.786255	    5.650000
1886745.006001	622442.125560	    5.660000
1900215.225569	626887.200251	    5.670000
1913757.613860	631356.095520	    5.680000
1927372.429394	635848.896716	    5.690000
1941059.931162	640365.689341	    5.700000
1954820.378621	644906.559051	    5.710000
1968654.031698	649471.591658	    5.720000
1982561.150789	654060.873128	    5.730000
1996541.996759	658674.489584	    5.740000
2010596.830939	663312.527301	    5.750000
2024725.915132	667975.072710	    5.760000
2038929.511609	672662.212396	    5.770000
2053207.883108	677374.033101	    5.780000
2067561.292840	682110.621720	    5.790000
2081990.004479	686872.065303	    5.800000
2096494.282174	691658.451055	    5.810000
2111074.390538	696469.866336	    5.820000
2125730.594656	701306.398661	    5.830000
2140463.160081	706168.135699	    5.840000
2155272.352834	711055.165276	    5.850000
2170158.439407	715967.575370	    5.860000
2185121.686759	720905.454116	    5.870000
2200162.362321	725868.889803	    5.880000
2215280.733988	730857.970875	    5.890000
2230477.070130	735872.785932	    5.900000
2245751.639583	740913.423727	    5.910000
2261104.711651	745979.973168	    5.920000
2276536.556109	751072.523321	    5.930000
2292047.443202	756191.163404	    5.940000
2307637.643643	761335.982790	    5.950000
2323307.428613	766507.071009	    5.960000
2339057.069765	771704.517743	    5.970000
2354886.839219	776928.412832	    5.980000
2370797.009566	782178.846269	    5.990000
2386787.853864	787455.908202	    6.000000
2402859.645643	792759.688936	    6.010000
2419012.658901	798090.278928	    6.020000
2435247.168106	803447.768794	    6.030000
2451563.448194	808832.249300	    6.040000
2467961.774571	814243.811371	    6.050000
2484442.423115	819682.546085	    6.060000
2501005.670170	825148.544676	    6.070000
2517651.792550	830641.898534	    6.080000
2534381.067541	836162.699201	    6.090000
2551193.772897	841711.038376	    6.100000
2568090.186840	847287.007914	    6.110000
2585070.588064	852890.699824	    6.120000
2602135.255731	858522.206269	    6.130000
2619284.469474	864181.619569	    6.140000
2636518.509395	869869.032198	    6.150000
2653837.656065	875584.536785	    6.160000
2671242.190525	881328.226116	    6.170000
2688732.394288	887100.193128	    6.180000
2706308.549332	892900.530919	    6.190000
2723970.938109	898729.332736	    6.200000
2741719.843540	904586.691985	    6.210000
2759555.549013	910472.702227	    6.220000
2777478.338390	916387.457177	    6.230000
2795488.495999	922331.050704	    6.240000
2813586.306640	928303.576835	    6.250000
2831772.055584	934305.129751	    6.260000
2850046.028568	940335.803787	    6.270000
2868408.511803	946395.693434	    6.280000
2886859.791967	952484.893340	    6.290000
2905400.156210	958603.498305	    6.300000
2924029.892151	964751.603286	    6.310000
2942749.287880	970929.303396	    6.320000
2961558.631954	977136.693901	    6.330000
2980458.213405	983373.870224	    6.340000
2999448.321730	989640.927943	    6.350000
3018529.246899	995937.962790	    6.360000
3037701.279353	1002265.070653	    6.370000
3056964.710000	1008622.347577	    6.380000
3076319.830220	1015009.889760	    6.390000
3095766.931863	1021427.793555	    6.400000
3115306.307250	1027876.155472	    6.410000
3134938.249170	1034355.072176	    6.420000
3154663.050885	1040864.640486	    6.430000
3174481.006125	1047404.957377	    6.440000
3194392.409091	1053976.119980	    6.450000
3214397.554456	1060578.225581	    6.460000
3234496.737359	1067211.371620	    6.470000
3254690.253414	1073875.655694	    6.480000
3274978.398703	1080571.175554	    6.490000
3295361.469779	1087298.029108	    6.500000
3315839.763665	1094056.314418	    6.510000
3336413.577854	1100846.129701	    6.520000
3357083.210311	1107667.573332	    6.530000
3377848.959470	1114520.743837	    6.540000
3398711.124235	1121405.739901	    6.550000
3419670.003984	1128322.660364	    6.560000
3440725.898560	1135271.604219	    6.570000
3461879.108282	1142252.670617	    6.580000
3483129.933935	1149265.958863	    6.590000
3504478.676779	1156311.568418	    6.600000
3525925.638540	1163389.598898	    6.610000
3547471.121417	1170500.150075	    6.620000
3569115.428081	1177643.321875	    6.630000
3590858.861671	1184819.214382	    6.640000
3612701.725798	1192027.927832	    6.650000
3634644.324544	1199269.562620	    6.660000
3656686.962461	1206544.219294	    6.670000
3678829.944571	1213851.998558	    6.680000
3701073.576369	1221193.001272	    6.690000
3723418.163818	1228567.328452	    6.700000
3745864.013355	1235975.081267	    6.710000
3768411.431885	1243416.361045	    6.720000
3791060.726785	1250891.269266	    6.730000
3813812.205902	1258399.907568	    6.740000
3836666.177557	1265942.377744	    6.750000
3859622.950537	1273518.781741	    6.760000
3882682.834103	1281129.221663	    6.770000
3905846.137987	1288773.799769	    6.780000
3929113.172391	1296452.618475	    6.790000
3952484.247989	1304165.780350	    6.800000
3975959.675924	1311913.388121	    6.810000
3999539.767811	1319695.544667	    6.820000
4023224.835737	1327512.353027	    6.830000
4047015.192260	1335363.916393	    6.840000
4070911.150407	1343250.338113	    6.850000
4094913.023679	1351171.721690	    6.860000
4119021.126045	1359128.170783	    6.870000
4143235.771947	1367119.789208	    6.880000
4167557.276298	1375146.680934	    6.890000
4191985.954483	1383208.950088	    6.900000
4216522.122355	1391306.700951	    6.910000
4241166.096242	1399440.037961	    6.920000
4265918.192942	1407609.065709	    6.930000
4290778.729722	1415813.888945	    6.940000
4315748.024323	1424054.612573	    6.950000
4340826.394956	1432331.341651	    6.960000
4366014.160304	1440644.181396	    6.970000
4391311.639520	1448993.237179	    6.980000
4416719.152231	1457378.614525	    6.990000
4442237.018532	1465800.419118	    7.000000
4467865.558991	1474258.756795	    7.010000
4493605.094649	1482753.733550	    7.020000
4519455.947015	1491285.455532	    7.030000
4545418.438071	1499854.029047	    7.040000
4571492.890272	1508459.560554	    7.050000
4597679.626542	1517102.156670	    7.060000
4623978.970278	1525781.924168	    7.070000
4650391.245348	1534498.969975	    7.080000
4676916.776091	1543253.401175	    7.090000
4703555.887318	1552045.325006	    7.100000
4730308.904313	1560874.848865	    7.110000
4757176.152829	1569742.080301	    7.120000
4784157.959092	1578647.127021	    7.130000
4811254.649799	1587590.096887	    7.140000
4838466.552120	1596571.097917	    7.150000
4865793.993694	1605590.238286	    7.160000
4893237.302635	1614647.626321	    7.170000
4920796.807527	1623743.370509	    7.180000
4948472.837424	1632877.579491	    7.190000
4976265.721855	1642050.362064	    7.200000
5004175.790819	1651261.827179	    7.210000
5032203.374786	1660512.083946	    7.220000
5060348.804699	1669801.241628	    7.230000
5088612.411972	1679129.409646	    7.240000
5116994.528493	1688496.697576	    7.250000
5145495.486618	1697903.215149	    7.260000
5174115.619178	1707349.072253	    7.270000
5202855.259475	1716834.378930	    7.280000
5231714.741282	1726359.245381	    7.290000
5260694.398845	1735923.781960	    7.300000
5289794.566881	1745528.099177	    7.310000
5319015.580579	1755172.307701	    7.320000
5348357.775602	1764856.518353	    7.330000
5377821.488082	1774580.842111	    7.340000
5407407.054625	1784345.390110	    7.350000
5437114.812307	1794150.273641	    7.360000
5466945.098679	1803995.604149	    7.370000
5496898.251762	1813881.493236	    7.380000
5526974.610049	1823808.052661	    7.390000
5557174.512505	1833775.394336	    7.400000
5587498.298568	1843783.630332	    7.410000
5617946.308149	1853832.872874	    7.420000
5648518.881628	1863923.234344	    7.430000
5679216.359860	1874054.827279	    7.440000
5710039.084171	1884227.764373	    7.450000
5740987.396359	1894442.158475	    7.460000
5772061.638695	1904698.122590	    7.470000
5803262.153921	1914995.769879	    7.480000
5834589.285253	1925335.213660	    7.490000
5866043.376377	1935716.567406	    7.500000
5897624.771454	1946139.944746	    7.510000
5929333.815114	1956605.459465	    7.520000
5961170.852463	1967113.225504	    7.530000
5993136.229076	1977663.356960	    7.540000
6025230.291002	1988255.968086	    7.550000
6057453.384763	1998891.173292	    7.560000
6089805.857351	2009569.087142	    7.570000
6122288.056234	2020289.824357	    7.580000
6154900.329348	2031053.499815	    7.590000
6187643.025104	2041860.228549	    7.600000
6220516.492387	2052710.125747	    7.610000
6253521.080550	2063603.306756	    7.620000
6286657.139424	2074539.887075	    7.630000
6319925.019307	2085519.982363	    7.640000
6353325.070973	2096543.708432	    7.650000
6386857.645668	2107611.181253	    7.660000
6420523.095110	2118722.516950	    7.670000
6454321.771489	2129877.831805	    7.680000
6488254.027470	2141077.242255	    7.690000
6522320.216187	2152320.864895	    7.700000
6556520.691249	2163608.816473	    7.710000
6590855.806738	2174941.213897	    7.720000
6625325.917207	2186318.174226	    7.730000
6659931.377682	2197739.814681	    7.740000
6694670.410794	2209205.541678	    7.750000
6729549.771122	2220717.605616	    7.760000
6764563.416503	2232273.991313	    7.770000
6799713.836724	2243875.527569	    7.780000
6835001.389174	2255522.332380	    7.790000
6870426.431716	2267214.523903	    7.800000
6905989.322686	2278952.220447	    7.810000
6941690.420892	2290735.540481	    7.820000
6977530.085615	2302564.602627	    7.830000
7013508.676610	2314439.525664	    7.840000
7049626.554103	2326360.428528	    7.850000
7085884.078794	2338327.430311	    7.860000
7122281.611856	2350340.650261	    7.870000
7158819.514933	2362400.207781	    7.880000
7195498.150146	2374506.222431	    7.890000
7232317.880084	2386658.813929	    7.900000
7269279.067812	2398858.102147	    7.910000
7306382.076868	2411104.207113	    7.920000
7343627.271262	2423397.249012	    7.930000
7381015.015476	2435737.348187	    7.940000
7418545.674468	2448124.625133	    7.950000
7456219.613667	2460559.200505	    7.960000
7494037.198975	2473041.195113	    7.970000
7531998.796767	2485570.729923	    7.980000
7570104.773892	2498147.926056	    7.990000
7608355.497671	2510772.904793	    8.000000
7646751.335900	2523445.787567	    8.010000
7685292.656845	2536166.695970	    8.020000
7723979.829249	2548935.751749	    8.030000
7762813.222325	2561753.076808	    8.040000
7801793.205761	2574618.793206	    8.050000
7840920.149717	2587533.023160	    8.060000
7880194.424826	2600495.889043	    8.070000
7919616.402197	2613507.513382	    8.080000
7959186.453408	2626568.018864	    8.090000
7998904.950514	2639677.528329	    8.100000
8038772.266041	2652836.164775	    8.110000
8078788.772989	2666044.051357	    8.120000
8118954.844832	2679301.311384	    8.130000
8159270.855517	2692608.068323	    8.140000
8199737.179463	2705964.445797	    8.150000
8240354.191563	2719370.567585	    8.160000
8281122.267185	2732826.557623	    8.170000
8322041.782169	2746332.540003	    8.180000
8363113.112828	2759888.638973	    8.190000
8404336.635949	2773494.978938	    8.200000
8445712.728792	2787151.684458	    8.210000
8487241.769092	2800858.880252	    8.220000
8528924.135056	2814616.691193	    8.230000
8570760.205364	2828425.242310	    8.240000
8612750.359171	2842284.658792	    8.250000
8654894.976105	2856195.065979	    8.260000
8697194.436267	2870156.589373	    8.270000
8739649.120232	2884169.354628	    8.280000
8782259.409049	2898233.487556	    8.290000
8825025.684238	2912349.114126	    8.300000
8867948.327798	2926516.360463	    8.310000
8911027.722195	2940735.352849	    8.320000
8954264.250374	2955006.217720	    8.330000
8997658.295751	2969329.081671	    8.340000
9041210.242216	2983704.071453	    8.350000
9084920.474133	2998131.313972	    8.360000
9128789.376326	3012610.936289	    8.370000
9172817.334133	3027143.065631	    8.380000
9217004.733326	3041727.829370	    8.390000
9261351.960163	3056365.355039	    8.400000
9305859.401377	3071055.770329	    8.410000
9350527.444175	3085799.203083	    8.420000
9395356.476236	3100595.781305	    8.430000
9440346.885714	3115445.633154	    8.440000
9485499.061237	3130348.886944	    8.450000
9530813.391906	3145305.671147	    8.460000
9576290.267296	3160316.114392	    8.470000
9621930.077458	3175380.345464	    8.480000
9667733.212913	3190498.493302	    8.490000
9713700.064659	3205670.687006	    8.500000
9759831.024167	3220897.055829	    8.510000
9806126.483381	3236177.729182	    8.520000
9852586.834721	3251512.836632	    8.530000
9899212.471078	3266902.507903	    8.540000
9946003.785820	3282346.872876	    8.550000
9992961.172787	3297846.061588	    8.560000
10040085.026294	3313400.204231	    8.570000
10087375.741130	3329009.431156	    8.580000
10134833.712557	3344673.872870	    8.590000
10182459.336311	3360393.660035	    8.600000
10230253.008605	3376168.923471	    8.610000
10278215.126121	3391999.794154	    8.620000
10326346.086021	3407886.403217	    8.630000
10374646.285936	3423828.881951	    8.640000
10423116.123974	3439827.361799	    8.650000
10471755.998716	3455881.974366	    8.660000
10520566.309217	3471992.851411	    8.670000
10569547.455008	3488160.124848	    8.680000
10618699.836092	3504383.926751	    8.690000
10668023.852947	3520664.389348	    8.700000
10717519.906525	3537001.645026	    8.710000
10767188.398253	3553395.826325	    8.720000
10817029.730032	3569847.065947	    8.730000
10867044.304236	3586355.496744	    8.740000
10917232.523715	3602921.251731	    8.750000
10967594.791792	3619544.464075	    8.760000
11018131.512266	3636225.267103	    8.770000
11068843.089407	3652963.794295	    8.780000
11119729.927963	3669760.179292	    8.790000
11170792.433155	3686614.555887	    8.800000
11222031.010678	3703527.058035	    8.810000
11273446.066701	3720497.819842	    8.820000
11325038.007868	3737526.975574	    8.830000
11376807.241298	3754614.659655	    8.840000
11428754.174583	3771761.006661	    8.850000
11480879.215791	3788966.151330	    8.860000
11533182.773464	3806230.228552	    8.870000
11585665.256616	3823553.373378	    8.880000
11638327.074740	3840935.721012	    8.890000
11691168.637801	3858377.406817	    8.900000
11744190.356237	3875878.566311	    8.910000
11797392.640963	3893439.335172	    8.920000
11850775.903368	3911059.849230	    8.930000
11904340.555314	3928740.244475	    8.940000
11958087.009141	3946480.657053	    8.950000
12012015.677660	3964281.223268	    8.960000
12066126.974158	3982142.079577	    8.970000
12120421.312397	4000063.362598	    8.980000
12174899.106613	4018045.209103	    8.990000
12229560.771516	4036087.756022	    9.000000
12284406.722294	4054191.140441	    9.010000
12339437.374605	4072355.499604	    9.020000
12394653.144584	4090580.970911	    9.030000
12450054.448842	4108867.691918	    9.040000
12505641.704462	4127215.800339	    9.050000
12561415.329004	4145625.434044	    9.060000
12617375.740501	4164096.731060	    9.070000
12673523.357462	4182629.829572	    9.080000
12729858.598870	4201224.867920	    9.090000
12786381.884184	4219881.984602	    9.100000
12843093.633335	4238601.318272	    9.110000
12899994.266733	4257383.007741	    9.120000
12957084.205259	4276227.191977	    9.130000
13014363.870271	4295134.010105	    9.140000
13071833.683601	4314103.601407	    9.150000
13129494.067556	4333136.105321	    9.160000
13187345.444919	4352231.661443	    9.170000
13245388.238946	4371390.409524	    9.180000
13303622.873368	4390612.489475	    9.190000
13362049.772394	4409898.041360	    9.200000
13420669.360704	4429247.205402	    9.210000
13479482.063455	4448660.121982	    9.220000
13538488.306279	4468136.931635	    9.230000
13597688.515282	4487677.775055	    9.240000
13657083.117046	4507282.793092	    9.250000
13716672.538628	4526952.126754	    9.260000
13776457.207560	4546685.917204	    9.270000
13836437.551847	4566484.305764	    9.280000
13896613.999973	4586347.433910	    9.290000
13956986.980893	4606275.443279	    9.300000
14017556.924039	4626268.475661	    9.310000
14078324.259319	4646326.673005	    9.320000
14139289.417115	4666450.177417	    9.330000
14200452.828284	4686639.131158	    9.340000
14261814.924159	4706893.676649	    9.350000
14323376.136547	4727213.956466	    9.360000
14385136.897730	4747600.113341	    9.370000
14447097.640467	4768052.290165	    9.380000
14509258.797991	4788570.629985	    9.390000
14571620.804010	4809155.276004	    9.400000
14634184.092708	4829806.371585	    9.410000
14696949.098744	4850524.060245	    9.420000
14759916.257251	4871308.485658	    9.430000
14823086.003839	4892159.791657	    9.440000
14886458.774593	4913078.122230	    9.450000
14950035.006072	4934063.621524	    9.460000
15013815.135312	4955116.433840	    9.470000
15077799.599823	4976236.703640	    9.480000
15141988.837591	4997424.575539	    9.490000
15206383.287078	5018680.194312	    9.500000
15270983.387219	5040003.704889	    9.510000
15335789.577427	5061395.252358	    9.520000
15400802.297590	5082854.981964	    9.530000
15466021.988069	5104383.039109	    9.540000
15531449.089704	5125979.569351	    9.550000
15597084.043807	5147644.718407	    9.560000
15662927.292168	5169378.632149	    9.570000
15728979.277052	5191181.456607	    9.580000
15795240.441198	5213053.337968	    9.590000
15861711.227822	5234994.422576	    9.600000
15928392.080555	5257004.856913	    9.610000
15995283.443683	5279084.787676	    9.620000
16062385.761789	5301234.361660	    9.630000
16129699.479990	5323453.725838	    9.640000
16197225.043879	5345743.027339	    9.650000
16264962.899525	5368102.413450	    9.660000
16332913.493472	5390532.031613	    9.670000
16401077.272740	5413032.029429	    9.680000
16469454.684825	5435602.554657	    9.690000
16538046.177698	5458243.755210	    9.700000
16606852.199805	5480955.779160	    9.710000
16675873.200068	5503738.774737	    9.720000
16745109.627887	5526592.890326	    9.730000
16814561.933135	5549518.274470	    9.740000
16884230.566160	5572515.075869	    9.750000
16954115.977789	5595583.443381	    9.760000
17024218.619322	5618723.526021	    9.770000
17094538.942536	5641935.472959	    9.780000
17165077.399683	5665219.433524	    9.790000
17235834.443491	5688575.557203	    9.800000
17306810.527164	5712003.993638	    9.810000
17378006.104382	5735504.892629	    9.820000
17449421.629300	5759078.404134	    9.830000
17521057.556549	5782724.678266	    9.840000
17592914.341237	5806443.865298	    9.850000
17664992.438947	5830236.115658	    9.860000
17737292.305737	5854101.579932	    9.870000
17809814.398141	5878040.408862	    9.880000
17882559.173172	5902052.753350	    9.890000
17955527.088314	5926138.764453	    9.900000
18028718.601530	5950298.593384	    9.910000
18102134.171258	5974532.391517	    9.920000
18175774.256414	5998840.310379	    9.930000
18249639.316386	6023222.501657	    9.940000
18323729.811040	6047679.117194	    9.950000
18398046.200720	6072210.308991	    9.960000
18472588.946242	6096816.229206	    9.970000
18547358.508902	6121497.030153	    9.980000
18622355.350468	6146252.864304	    9.990000
18697579.933187	6171083.884290	   10.000000
