0.000000000e+000	0.000000000e+000	0.000000000e+000
2.863556301e-304	4.125889662e-307	2.000020000e-003
9.505592980e-204	2.052159881e-206	3.000030000e-003
1.969629454e-153	5.663484973e-156	4.000040000e-003
3.292842401e-123	1.182247386e-125	5.000050000e-003
4.881758048e-103	2.100984136e-105	6.000060000e-003
1.295157010e-088	6.495958962e-091	7.000070000e-003
8.751230581e-078	5.010824025e-080	8.000080000e-003
2.368709811e-069	1.524162661e-071	9.000090000e-003
1.342550468e-062	9.588135753e-065	1.000010000e-002
4.566456107e-057	3.583453929e-059	1.100011000e-002
1.881068330e-052	1.608576305e-054	1.200012000e-002
1.526159737e-048	1.412293277e-050	1.300013000e-002
3.452015029e-045	3.436431281e-047	1.400014000e-002
2.808845590e-042	2.992617322e-044	1.500015000e-002
9.954614903e-040	1.130059549e-041	1.600016000e-002
1.778693101e-037	2.143045348e-039	1.700017000e-002
1.795536408e-035	2.288086265e-037	1.800018000e-002
1.120332829e-033	1.505325129e-035	1.900019000e-002
4.643069758e-032	6.559769090e-034	2.000020000e-002
1.354789578e-030	2.007557146e-032	2.100021000e-002
2.919154147e-029	4.526678407e-031	2.200022000e-002
4.831424538e-028	7.823946283e-030	2.300023000e-002
6.347365714e-027	1.071396479e-028	2.400024000e-002
6.804570279e-026	1.195111795e-027	2.500025000e-002
6.093189430e-025	1.111752102e-026	2.600026000e-002
4.649144914e-024	8.799310365e-026	2.700027000e-002
3.074686399e-023	6.028263853e-025	2.800028000e-002
1.788637641e-022	3.628065474e-024	2.900029000e-002
9.270038713e-022	1.943026237e-023	3.000030000e-002
4.328212882e-021	9.364121382e-023	3.100031000e-002
1.838364133e-020	4.101085883e-022	3.200032000e-002
7.164190891e-020	1.646337276e-021	3.300033000e-002
2.581048569e-019	6.104258886e-021	3.400034000e-002
8.654170720e-019	2.104608059e-020	3.500035000e-002
2.716688100e-018	6.787965508e-020	3.600036000e-002
8.026853384e-018	2.059035116e-019	3.700037000e-002
2.242881305e-017	5.902359554e-019	3.800038000e-002
5.952176671e-017	1.605813024e-018	3.900039000e-002
1.505990912e-016	4.162510720e-018	4.000040000e-002
3.645458376e-016	1.031637572e-017	4.100041000e-002
8.468929072e-016	2.452373943e-017	4.200042000e-002
1.893600524e-015	5.607678120e-017	4.300043000e-002
4.085608022e-015	1.236666309e-016	4.400044000e-002
8.526265442e-015	2.636519057e-016	4.500045000e-002
1.724770803e-014	5.445836677e-016	4.600046000e-002
3.388687671e-014	1.091993367e-015	4.700047000e-002
6.478066682e-014	2.129569225e-015	4.800048000e-002
1.206966615e-013	4.045853713e-015	4.900049000e-002
2.195057182e-013	7.499762897e-015	5.000050000e-002
3.902204801e-013	1.358387900e-014	5.100051000e-002
6.789752444e-013	2.407197079e-014	5.200052000e-002
1.157713327e-012	4.178696794e-014	5.300053000e-002
1.936584021e-012	7.113811086e-014	5.400054000e-002
3.181338150e-012	1.188917042e-013	5.500055000e-002
5.137354518e-012	1.952593298e-013	5.600056000e-002
8.162333925e-012	3.154110415e-013	5.700057000e-002
1.277016704e-011	5.015494839e-013	5.800058000e-002
1.968902013e-011	7.857145459e-013	5.900059000e-002
2.993729039e-011	1.213527541e-012	6.000060000e-002
4.492176124e-011	1.849129401e-012	6.100061000e-002
6.656303602e-011	2.781619366e-012	6.200062000e-002
9.745414516e-011	4.133359349e-012	6.300063000e-002
1.410591022e-010	6.070574876e-012	6.400064000e-002
2.019591242e-010	8.816756182e-012	6.500065000e-002
2.861552276e-010	1.266944287e-011	6.600066000e-002
4.014369486e-010	1.802106222e-011	6.700067000e-002
5.578280212e-010	2.538458492e-011	6.800068000e-002
7.681209536e-010	3.542486171e-011	6.900069000e-002
1.048513578e-009	4.899661098e-011	7.000070000e-002
1.419361795e-009	6.719013880e-011	7.100071000e-002
1.906063879e-009	9.138599000e-011	7.200072000e-002
2.540092860e-009	1.233198505e-010	7.300073000e-002
3.360194619e-009	1.651591464e-010	7.400074000e-002
4.413770460e-009	2.195929138e-010	7.500075000e-002
5.758463956e-009	2.899366458e-010	7.600076000e-002
7.463972969e-009	3.802539538e-010	7.700077000e-002
9.614108681e-009	4.954970171e-010	7.800078000e-002
1.230912446e-008	6.416679285e-010	7.900079000e-002
1.566833829e-008	8.260031768e-010	8.000080000e-002
1.983307323e-008	1.057183642e-009	8.100081000e-002
2.496994140e-008	1.345572613e-009	8.200082000e-002
3.127449735e-008	1.703484459e-009	8.300083000e-002
3.897528769e-008	2.145486731e-009	8.400084000e-002
4.833832419e-008	2.688738564e-009	8.500085000e-002
5.967200827e-008	3.353368414e-009	8.600086000e-002
7.333253518e-008	4.162894232e-009	8.700087000e-002
8.972980657e-008	5.144689325e-009	8.800088000e-002
1.093338807e-007	6.330497261e-009	8.900089000e-002
1.326819894e-007	7.756999241e-009	9.000090000e-002
1.603861520e-007	9.466437515e-009	9.100091000e-002
1.931414153e-007	1.150729846e-008	9.200092000e-002
2.317347505e-007	1.393505909e-008	9.300093000e-002
2.770546365e-007	1.681300070e-008	9.400094000e-002
3.301013596e-007	2.021309375e-008	9.500095000e-002
3.919980614e-007	2.421695765e-008	9.600096000e-002
4.640025629e-007	2.891689980e-008	9.700097000e-002
5.475199962e-007	3.441703768e-008	9.800098000e-002
6.441162746e-007	4.083450840e-008	9.900099000e-002
7.555324289e-007	4.830076965e-008	1.000010000e-001
8.836998429e-007	5.696299659e-008	1.010010100e-001
1.030756414e-006	6.698557868e-008	1.020010200e-001
1.199063675e-006	7.855172099e-008	1.030010300e-001
1.391224893e-006	9.186515428e-008	1.040010400e-001
1.610104199e-006	1.071519582e-007	1.050010500e-001
1.858846746e-006	1.246625023e-007	1.060010600e-001
2.140899954e-006	1.446735084e-007	1.070010700e-001
2.460035851e-006	1.674902408e-007	1.080010800e-001
2.820374546e-006	1.934488259e-007	1.090010900e-001
3.226408867e-006	2.229187084e-007	1.100011000e-001
3.683030180e-006	2.563052472e-007	1.110011100e-001
4.195555432e-006	2.940524560e-007	1.120011200e-001
4.769755440e-006	3.366458924e-007	1.130011300e-001
5.411884445e-006	3.846157017e-007	1.140011400e-001
6.128710985e-006	4.385398178e-007	1.150011500e-001
6.927550084e-006	4.990473278e-007	1.160011600e-001
7.816296812e-006	5.668220033e-007	1.170011700e-001
8.803461233e-006	6.426060041e-007	1.180011800e-001
9.898204774e-006	7.272037586e-007	1.190011900e-001
1.111037804e-005	8.214860249e-007	1.200012000e-001
1.245056011e-005	9.263941384e-007	1.210012100e-001
1.393009938e-005	1.042944450e-006	1.220012200e-001
1.556115587e-005	1.172232958e-006	1.230012300e-001
1.735674523e-005	1.315440144e-006	1.240012400e-001
1.933078423e-005	1.473836009e-006	1.250012500e-001
2.149813802e-005	1.648785325e-006	1.260012600e-001
2.387466900e-005	1.841753091e-006	1.270012700e-001
2.647728746e-005	2.054310224e-006	1.280012800e-001
2.932400394e-005	2.288139460e-006	1.290012900e-001
3.243398351e-005	2.545041495e-006	1.300013000e-001
3.582760177e-005	2.826941357e-006	1.310013100e-001
3.952650291e-005	3.135895018e-006	1.320013200e-001
4.355365959e-005	3.474096255e-006	1.330013300e-001
4.793343495e-005	3.843883762e-006	1.340013400e-001
5.269164663e-005	4.247748519e-006	1.350013500e-001
5.785563298e-005	4.688341424e-006	1.360013600e-001
6.345432145e-005	5.168481202e-006	1.370013700e-001
6.951829924e-005	5.691162577e-006	1.380013800e-001
7.607988637e-005	6.259564743e-006	1.390013900e-001
8.317321115e-005	6.877060118e-006	1.400014000e-001
9.083428816e-005	7.547223392e-006	1.410014100e-001
9.910109890e-005	8.273840888e-006	1.420014200e-001
1.080136751e-004	9.060920236e-006	1.430014300e-001
1.176141851e-004	9.912700364e-006	1.440014400e-001
1.279470226e-004	1.083366182e-005	1.450014500e-001
1.390588992e-004	1.182853745e-005	1.460014600e-001
1.509989397e-004	1.290232340e-005	1.470014700e-001
1.638187811e-004	1.406029050e-005	1.480014800e-001
1.775726744e-004	1.530799600e-005	1.490014900e-001
1.923175909e-004	1.665129572e-005	1.500015000e-001
2.081133319e-004	1.809635658e-005	1.510015100e-001
2.250226426e-004	1.964966951e-005	1.520015200e-001
2.431113299e-004	2.131806281e-005	1.530015300e-001
2.624483851e-004	2.310871597e-005	1.540015400e-001
2.831061111e-004	2.502917392e-005	1.550015500e-001
3.051602542e-004	2.708736168e-005	1.560015600e-001
3.286901416e-004	2.929159964e-005	1.570015700e-001
3.537788239e-004	3.165061922e-005	1.580015800e-001
3.805132237e-004	3.417357911e-005	1.590015900e-001
4.089842899e-004	3.687008205e-005	1.600016000e-001
4.392871587e-004	3.975019214e-005	1.610016100e-001
4.715213212e-004	4.282445278e-005	1.620016200e-001
5.057907981e-004	4.610390525e-005	1.630016300e-001
5.422043218e-004	4.960010783e-005	1.640016400e-001
5.808755272e-004	5.332515567e-005	1.650016500e-001
6.219231494e-004	5.729170137e-005	1.660016600e-001
6.654712322e-004	6.151297618e-005	1.670016700e-001
7.116493443e-004	6.600281211e-005	1.680016800e-001
7.605928068e-004	7.077566473e-005	1.690016900e-001
8.124429301e-004	7.584663680e-005	1.700017000e-001
8.673472628e-004	8.123150288e-005	1.710017100e-001
9.254598524e-004	8.694673468e-005	1.720017200e-001
9.869415176e-004	9.300952759e-005	1.730017300e-001
1.051960135e-003	9.943782798e-005	1.740017400e-001
1.120690941e-003	1.062503617e-004	1.750017500e-001
1.193316842e-003	1.134666638e-004	1.760017600e-001
1.270028753e-003	1.211071090e-004	1.770017700e-001
1.351025939e-003	1.291929439e-004	1.780017800e-001
1.436516383e-003	1.377463200e-004	1.790017900e-001
1.526717173e-003	1.467903285e-004	1.800018000e-001
1.621854902e-003	1.563490364e-004	1.810018100e-001
1.722166097e-003	1.664475235e-004	1.820018200e-001
1.827897668e-003	1.771119224e-004	1.830018300e-001
1.939307378e-003	1.883694581e-004	1.840018400e-001
2.056664344e-003	2.002484917e-004	1.850018500e-001
2.180249560e-003	2.127785639e-004	1.860018600e-001
2.310356453e-003	2.259904417e-004	1.870018700e-001
2.447291466e-003	2.399161666e-004	1.880018800e-001
2.591374676e-003	2.545891052e-004	1.890018900e-001
2.742940448e-003	2.700440021e-004	1.900019000e-001
2.902338122e-003	2.863170348e-004	1.910019100e-001
3.069932744e-003	3.034458719e-004	1.920019200e-001
3.246105833e-003	3.214697335e-004	1.930019300e-001
3.431256201e-003	3.404294541e-004	1.940019400e-001
3.625800815e-003	3.603675497e-004	1.950019500e-001
3.830175710e-003	3.813282867e-004	1.960019600e-001
4.044836960e-003	4.033577551e-004	1.970019700e-001
4.270261703e-003	4.265039452e-004	1.980019800e-001
4.506949233e-003	4.508168276e-004	1.990019900e-001
4.755422157e-003	4.763484378e-004	2.000020000e-001
5.016227619e-003	5.031529646e-004	2.010020100e-001
5.289938608e-003	5.312868435e-004	2.020020200e-001
5.577155341e-003	5.608088544e-004	2.030020300e-001
5.878506740e-003	5.917802249e-004	2.040020400e-001
6.194652000e-003	6.242647388e-004	2.050020500e-001
6.526282259e-003	6.583288505e-004	2.060020600e-001
6.874122375e-003	6.940418040e-004	2.070020700e-001
7.238932829e-003	7.314757631e-004	2.080020800e-001
7.621511744e-003	7.707059422e-004	2.090020900e-001
8.022697049e-003	8.118107492e-004	2.100021000e-001
8.443368783e-003	8.548719345e-004	2.110021100e-001
8.884451570e-003	8.999747490e-004	2.120021200e-001
9.346917253e-003	9.472081111e-004	2.130021300e-001
9.831787724e-003	9.966647829e-004	2.140021400e-001
1.034013796e-002	1.048441557e-003	2.150021500e-001
1.087309927e-002	1.102639457e-003	2.160021600e-001
1.143186279e-002	1.159363943e-003	2.170021700e-001
1.201768322e-002	1.218725138e-003	2.180021800e-001
1.263188289e-002	1.280838063e-003	2.190021900e-001
1.327585609e-002	1.345822892e-003	2.200022000e-001
1.395107374e-002	1.413805211e-003	2.210022100e-001
1.465908849e-002	1.484916313e-003	2.220022200e-001
1.540154018e-002	1.559293494e-003	2.230022300e-001
1.618016172e-002	1.637080377e-003	2.240022400e-001
1.699678556e-002	1.718427260e-003	2.250022500e-001
1.785335060e-002	1.803491483e-003	2.260022600e-001
1.875190979e-002	1.892437820e-003	2.270022700e-001
1.969463831e-002	1.985438906e-003	2.280022800e-001
2.068384260e-002	2.082675683e-003	2.290022900e-001
2.172197043e-002	2.184338007e-003	2.300023000e-001
2.281161994e-002	2.290624581e-003	2.310023100e-001
2.395555479e-002	2.401744689e-003	2.320023200e-001
2.515671363e-002	2.517917629e-003	2.330023300e-001
2.641822586e-002	2.639373945e-003	2.340023400e-001
2.774342713e-002	2.766356024e-003	2.350023500e-001
2.913587639e-002	2.899118849e-003	2.360023600e-001
3.059937509e-002	3.037930829e-003	2.370023700e-001
3.213798837e-002	3.183074700e-003	2.380023800e-001
3.375606862e-002	3.334848482e-003	2.390023900e-001
3.545828192e-002	3.493566578e-003	2.400024000e-001
3.724963741e-002	3.659560903e-003	2.410024100e-001
3.913552046e-002	3.833182173e-003	2.420024200e-001
4.112172989e-002	4.014801299e-003	2.430024300e-001
4.321452014e-002	4.204810923e-003	2.440024400e-001
4.542064903e-002	4.403627116e-003	2.450024500e-001
4.774743217e-002	4.611691251e-003	2.460024600e-001
5.020280515e-002	4.829472087e-003	2.470024700e-001
5.279539499e-002	5.057468089e-003	2.480024800e-001
5.553460255e-002	5.296210016e-003	2.490024900e-001
5.843069808e-002	5.546263827e-003	2.500025000e-001
6.149493264e-002	5.808233956e-003	2.510025100e-001
6.473966868e-002	6.082767005e-003	2.520025200e-001
6.817853422e-002	6.370555961e-003	2.530025300e-001
7.182660583e-002	6.672344987e-003	2.540025400e-001
7.570062768e-002	6.988934945e-003	2.550025500e-001
7.981927567e-002	7.321189768e-003	2.560025600e-001
8.420347864e-002	7.670043871e-003	2.570025700e-001
8.887681297e-002	8.036510836e-003	2.580025800e-001
9.386599203e-002	8.421693665e-003	2.590025900e-001
9.920148057e-002	8.826796995e-003	2.600026000e-001
1.049182758e-001	9.253141791e-003	2.610026100e-001
1.110569143e-001	9.702183220e-003	2.620026200e-001
1.176647918e-001	1.017553265e-002	2.630026300e-001
1.247979239e-001	1.067498515e-002	2.640026400e-001
1.325233444e-001	1.120255429e-002	2.650026500e-001
1.409224520e-001	1.176051727e-002	2.660026600e-001
1.500958120e-001	1.235147432e-002	2.670026700e-001
1.601702777e-001	1.297842934e-002	2.680026800e-001
1.713099808e-001	1.364490234e-002	2.690026900e-001
1.836985830e-001	1.435310988e-002	2.699999973e-001
1.152005250e+000	1.435200327e-002	2.700000027e-001
1.258042941e+000	1.888107719e-002	2.710000127e-001
1.360577302e+000	2.374351356e-002	2.720000227e-001
1.459676913e+000	2.893818017e-002	2.730000327e-001
1.555422507e+000	3.446344096e-002	2.740000427e-001
1.647907394e+000	4.031713863e-002	2.750000527e-001
1.737237884e+000	4.649657699e-002	2.760000627e-001
1.823533721e+000	5.299850295e-002	2.770000727e-001
1.906928521e+000	5.981908837e-002	2.780000827e-001
1.987570225e+000	6.695391148e-002	2.790000927e-001
2.065621545e+000	7.439793814e-002	2.800001027e-001
2.141260431e+000	8.214550268e-002	2.810001127e-001
2.214680534e+000	9.019028860e-002	2.820001227e-001
2.286091687e+000	9.852530887e-002	2.830001327e-001
2.355720382e+000	1.071428859e-001	2.840001427e-001
2.423810262e+000	1.160346316e-001	2.850001527e-001
2.490622618e+000	1.251914261e-001	2.860001627e-001
2.560290489e+000	1.344429103e-001	2.870001727e-001
2.630145185e+000	1.439019948e-001	2.880001827e-001
2.699287545e+000	1.536079002e-001	2.890001927e-001
2.767777682e+000	1.635599015e-001	2.900002027e-001
2.835681168e+000	1.737570505e-001	2.910002127e-001
2.903069195e+000	1.841981697e-001	2.920002227e-001
2.970018744e+000	1.948818452e-001	2.930002327e-001
3.036612754e+000	2.058064201e-001	2.940002427e-001
3.102940290e+000	2.169699874e-001	2.950002527e-001
3.169096717e+000	2.283703831e-001	2.960002627e-001
3.235184351e+000	2.400051598e-001	2.970002727e-001
3.303052262e+000	2.518009907e-001	2.980002827e-001
3.371030124e+000	2.638273544e-001	2.990002927e-001
3.439144497e+000	2.760848735e-001	3.000003027e-001
3.507424101e+000	2.885740818e-001	3.010003127e-001
3.575899886e+000	3.012954214e-001	3.020003227e-001
3.644605088e+000	3.142492403e-001	3.030003327e-001
3.713575302e+000	3.274357900e-001	3.040003427e-001
3.782848542e+000	3.408552224e-001	3.050003527e-001
3.852465309e+000	3.545075876e-001	3.060003627e-001
3.922468663e+000	3.683928310e-001	3.070003727e-001
3.993084953e+000	3.825049977e-001	3.080003827e-001
4.064903798e+000	3.968264611e-001	3.090003927e-001
4.137220718e+000	4.113810644e-001	3.100004027e-001
4.210039577e+000	4.261699135e-001	3.110004127e-001
4.283364616e+000	4.411940770e-001	3.120004227e-001
4.357200463e+000	4.564545850e-001	3.130004327e-001
4.431552147e+000	4.719524283e-001	3.140004427e-001
4.506425111e+000	4.876885576e-001	3.150004527e-001
4.581825227e+000	5.036638821e-001	3.160004627e-001
4.657758807e+000	5.198792688e-001	3.170004727e-001
4.734232617e+000	5.363355415e-001	3.180004827e-001
4.811296317e+000	5.530293204e-001	3.190004927e-001
4.888978254e+000	5.699593174e-001	3.200005027e-001
4.967218400e+000	5.871329110e-001	3.210005127e-001
5.046019561e+000	6.045513221e-001	3.220005227e-001
5.125384784e+000	6.222157516e-001	3.230005327e-001
5.205317363e+000	6.401273796e-001	3.240005427e-001
5.285820846e+000	6.582873652e-001	3.250005527e-001
5.366899047e+000	6.766968460e-001	3.260005627e-001
5.448556054e+000	6.953569380e-001	3.270005727e-001
5.530796234e+000	7.142687344e-001	3.280005827e-001
5.613624248e+000	7.334333063e-001	3.290005927e-001
5.696959488e+000	7.528502749e-001	3.300006027e-001
5.780837479e+000	7.725211686e-001	3.310006127e-001
5.865327773e+000	7.924480536e-001	3.320006227e-001
5.950444301e+000	8.126320390e-001	3.330006327e-001
6.036201706e+000	8.330742153e-001	3.340006427e-001
6.122615365e+000	8.537756540e-001	3.350006527e-001
6.209701405e+000	8.747374077e-001	3.360006627e-001
6.297476719e+000	8.959605092e-001	3.370006727e-001
6.385958991e+000	9.174459714e-001	3.380006827e-001
6.475166709e+000	9.391947874e-001	3.390006927e-001
6.565119188e+000	9.612079294e-001	3.400007027e-001
6.656067983e+000	9.834733738e-001	3.410007127e-001
6.747854644e+000	1.006002116e+000	3.420007227e-001
6.840428227e+000	1.028799149e+000	3.430007327e-001
6.933795186e+000	1.051866280e+000	3.440007427e-001
7.027962164e+000	1.075205332e+000	3.450007527e-001
7.122935995e+000	1.098818151e+000	3.460007627e-001
7.218723708e+000	1.122706601e+000	3.470007727e-001
7.315332538e+000	1.146872571e+000	3.480007827e-001
7.412769921e+000	1.171317967e+000	3.490007927e-001
7.511043510e+000	1.196044722e+000	3.500008027e-001
7.610080276e+000	1.221034348e+000	3.510000000e-001
7.811052679e+000	1.271935727e+000	3.530000100e-001
8.015471307e+000	1.323990247e+000	3.550000200e-001
8.223366135e+000	1.377208744e+000	3.570000300e-001
8.434767532e+000	1.431601989e+000	3.590000400e-001
8.649706288e+000	1.487180696e+000	3.610000500e-001
8.868172317e+000	1.543943118e+000	3.630000600e-001
9.090217295e+000	1.601905836e+000	3.650000700e-001
9.315916128e+000	1.661092189e+000	3.670000800e-001
9.545318483e+000	1.721517725e+000	3.690000900e-001
9.778476021e+000	1.783198363e+000	3.710001000e-001
1.001545958e+001	1.846155073e+000	3.730001100e-001
1.025637350e+001	1.910417780e+000	3.750001200e-001
1.050119201e+001	1.975980728e+000	3.770001300e-001
1.074995561e+001	2.042856045e+000	3.790001400e-001
1.100270568e+001	2.111055890e+000	3.810001500e-001
1.125948446e+001	2.180592457e+000	3.830001600e-001
1.152032825e+001	2.251471072e+000	3.850001700e-001
1.178528752e+001	2.323710317e+000	3.870001800e-001
1.205441118e+001	2.397326229e+000	3.890001900e-001
1.232774765e+001	2.472333337e+000	3.910002000e-001
1.260534663e+001	2.548746402e+000	3.930002100e-001
1.288725917e+001	2.626580432e+000	3.950002200e-001
1.317353774e+001	2.705850693e+000	3.970002300e-001
1.346423625e+001	2.786572725e+000	3.990002400e-001
1.375941013e+001	2.868762354e+000	4.010002500e-001
1.405911642e+001	2.952435713e+000	4.030002600e-001
1.436341377e+001	3.037609244e+000	4.050002700e-001
1.467217624e+001	3.124264256e+000	4.070002800e-001
1.498554832e+001	3.212433556e+000	4.090002900e-001
1.530357274e+001	3.302130594e+000	4.110003000e-001
1.562629278e+001	3.393368940e+000	4.130003100e-001
1.595375226e+001	3.486162297e+000	4.150003200e-001
1.628599559e+001	3.580524504e+000	4.170003300e-001
1.662306780e+001	3.676469550e+000	4.190003400e-001
1.696501452e+001	3.774011581e+000	4.210003500e-001
1.731188207e+001	3.873164910e+000	4.230003600e-001
1.766371745e+001	3.973944029e+000	4.250003700e-001
1.802056835e+001	4.076363616e+000	4.270003800e-001
1.838248322e+001	4.180438547e+000	4.290003900e-001
1.874951126e+001	4.286183907e+000	4.310004000e-001
1.912170250e+001	4.393615003e+000	4.330004100e-001
1.949910776e+001	4.502747372e+000	4.350004200e-001
1.988177873e+001	4.613596794e+000	4.370004300e-001
2.026976798e+001	4.726179307e+000	4.390004400e-001
2.066312902e+001	4.840511215e+000	4.410004500e-001
2.106191628e+001	4.956609102e+000	4.430004600e-001
2.146618521e+001	5.074489849e+000	4.450004700e-001
2.187599224e+001	5.194170639e+000	4.470004800e-001
2.229139489e+001	5.315668981e+000	4.490004900e-001
2.271245173e+001	5.439002715e+000	4.510005000e-001
2.313922249e+001	5.564190032e+000	4.530005100e-001
2.357176803e+001	5.691249487e+000	4.550005200e-001
2.401015042e+001	5.820200012e+000	4.570005300e-001
2.445443297e+001	5.951060934e+000	4.590005400e-001
2.490468026e+001	6.083851992e+000	4.610005500e-001
2.536095818e+001	6.218593347e+000	4.630005600e-001
2.582333397e+001	6.355305605e+000	4.650005700e-001
2.629187628e+001	6.494009830e+000	4.670005800e-001
2.676665519e+001	6.634727562e+000	4.690005900e-001
2.724774224e+001	6.777480836e+000	4.710006000e-001
2.773521053e+001	6.922292196e+000	4.730006100e-001
2.822913470e+001	7.069184718e+000	4.750006200e-001
2.872959100e+001	7.218182025e+000	4.770006300e-001
2.923665735e+001	7.369308306e+000	4.790006400e-001
2.975041338e+001	7.522588337e+000	4.810006500e-001
3.027094044e+001	7.678047502e+000	4.830006600e-001
3.079832172e+001	7.835711809e+000	4.850006700e-001
3.133264224e+001	7.995607911e+000	4.870006800e-001
3.187398890e+001	8.157763132e+000	4.890006900e-001
3.242245057e+001	8.322205482e+000	4.910007000e-001
3.297811813e+001	8.488963682e+000	4.930007100e-001
3.354108448e+001	8.658067185e+000	4.950007200e-001
3.411144466e+001	8.829546197e+000	4.970007300e-001
3.468929584e+001	9.003431704e+000	4.990007400e-001
3.527473743e+001	9.179755491e+000	5.010007500e-001
3.586787109e+001	9.358550166e+000	5.030007600e-001
3.646880083e+001	9.539849186e+000	5.050007700e-001
3.707763301e+001	9.723686883e+000	5.070007800e-001
3.769447647e+001	9.910098482e+000	5.090007900e-001
3.831944253e+001	1.009912013e+001	5.110008000e-001
3.895264508e+001	1.029078893e+001	5.130008100e-001
3.959420063e+001	1.048514296e+001	5.150008200e-001
4.024422837e+001	1.068222128e+001	5.170008300e-001
4.090285025e+001	1.088206400e+001	5.190008400e-001
4.157019103e+001	1.108471227e+001	5.210008500e-001
4.224637834e+001	1.129020834e+001	5.230008600e-001
4.293154276e+001	1.149859555e+001	5.250008700e-001
4.362581787e+001	1.170991840e+001	5.270008800e-001
4.432934034e+001	1.192422254e+001	5.290008900e-001
4.504224997e+001	1.214155485e+001	5.310009000e-001
4.576468979e+001	1.236196340e+001	5.330009100e-001
4.649680610e+001	1.258549755e+001	5.350009200e-001
4.723874858e+001	1.281220793e+001	5.370009300e-001
4.799067031e+001	1.304214651e+001	5.390009400e-001
4.874486124e+001	1.327363999e+001	5.410009500e-001
4.950017516e+001	1.350632237e+001	5.430009600e-001
5.026410307e+001	1.374180019e+001	5.450009700e-001
5.103670782e+001	1.398009165e+001	5.470009800e-001
5.181805247e+001	1.422121502e+001	5.490009900e-001
5.260820033e+001	1.446518862e+001	5.510010000e-001
5.340721498e+001	1.471203080e+001	5.530010100e-001
5.421516021e+001	1.496175999e+001	5.550010200e-001
5.503210009e+001	1.521439468e+001	5.570010300e-001
5.585809893e+001	1.546995342e+001	5.590010400e-001
5.669322131e+001	1.572845481e+001	5.610010500e-001
5.753753205e+001	1.598991754e+001	5.630010600e-001
5.839109624e+001	1.625436036e+001	5.650010700e-001
5.925397925e+001	1.652180209e+001	5.670010800e-001
6.012624669e+001	1.679226164e+001	5.690010900e-001
6.100796447e+001	1.706575799e+001	5.710011000e-001
6.189919874e+001	1.734231020e+001	5.730011100e-001
6.280001596e+001	1.762193744e+001	5.750011200e-001
6.371048285e+001	1.790465894e+001	5.770011300e-001
6.463066642e+001	1.819049405e+001	5.790011400e-001
6.556063397e+001	1.847946221e+001	5.810011500e-001
6.650045308e+001	1.877158294e+001	5.830011600e-001
6.745019164e+001	1.906687590e+001	5.850011700e-001
6.840991782e+001	1.936536083e+001	5.870011800e-001
6.937970010e+001	1.966705761e+001	5.890011900e-001
7.035960726e+001	1.997198621e+001	5.910012000e-001
7.134970839e+001	2.028016674e+001	5.930012100e-001
7.235007291e+001	2.059161943e+001	5.950012200e-001
7.336077052e+001	2.090636463e+001	5.970012300e-001
7.438187127e+001	2.122442284e+001	5.990012400e-001
7.541344553e+001	2.154581469e+001	6.010012500e-001
7.645556399e+001	2.187056094e+001	6.030012600e-001
7.750829767e+001	2.219868253e+001	6.050012700e-001
7.857171793e+001	2.253020052e+001	6.070012800e-001
7.964589649e+001	2.286513615e+001	6.090012900e-001
8.073090539e+001	2.320351080e+001	6.110013000e-001
8.182681703e+001	2.354534604e+001	6.130013100e-001
8.293370417e+001	2.389066360e+001	6.150013200e-001
8.405163992e+001	2.423948537e+001	6.170013300e-001
8.518069777e+001	2.459183347e+001	6.190013400e-001
8.632095156e+001	2.494773015e+001	6.210013500e-001
8.747247552e+001	2.530719790e+001	6.230013600e-001
8.863534425e+001	2.567025939e+001	6.250013700e-001
8.980963274e+001	2.603693749e+001	6.270013800e-001
9.099541637e+001	2.640725528e+001	6.290013900e-001
9.219277090e+001	2.678123607e+001	6.310014000e-001
9.340177251e+001	2.715890338e+001	6.330014100e-001
9.462249779e+001	2.754028096e+001	6.350014200e-001
9.585502371e+001	2.792539280e+001	6.370014300e-001
9.709942769e+001	2.831426312e+001	6.390014400e-001
9.835578755e+001	2.870691640e+001	6.410014500e-001
9.962418155e+001	2.910337736e+001	6.430014600e-001
1.009046884e+002	2.950367100e+001	6.450014700e-001
1.021973872e+002	2.990782255e+001	6.470014800e-001
1.035023575e+002	3.031585756e+001	6.490014900e-001
1.048196794e+002	3.072780182e+001	6.510015000e-001
1.061494334e+002	3.114368142e+001	6.530015100e-001
1.074917004e+002	3.156352277e+001	6.550015200e-001
1.088465618e+002	3.198735253e+001	6.570015300e-001
1.102140996e+002	3.241519772e+001	6.590015400e-001
1.115943961e+002	3.284708564e+001	6.610015500e-001
1.129875342e+002	3.328304394e+001	6.630015600e-001
1.143935973e+002	3.372310057e+001	6.650015700e-001
1.158126693e+002	3.416728386e+001	6.670015800e-001
1.172448345e+002	3.461562244e+001	6.690015900e-001
1.186901778e+002	3.506814533e+001	6.710016000e-001
1.201487848e+002	3.552488190e+001	6.730016100e-001
1.216207455e+002	3.598586611e+001	6.750016200e-001
1.231113891e+002	3.645639080e+001	6.770016300e-001
1.246156734e+002	3.693133764e+001	6.790016400e-001
1.261336804e+002	3.741073185e+001	6.810016500e-001
1.276654923e+002	3.789459870e+001	6.830016600e-001
1.292111916e+002	3.838296357e+001	6.850016700e-001
1.307708608e+002	3.887585191e+001	6.870016800e-001
1.323445829e+002	3.937328926e+001	6.890016900e-001
1.339324409e+002	3.987530121e+001	6.910017000e-001
1.355345184e+002	4.038191349e+001	6.930017100e-001
1.371508988e+002	4.089315186e+001	6.950017200e-001
1.387816661e+002	4.140904221e+001	6.970017300e-001
1.404269043e+002	4.192961049e+001	6.990017400e-001
1.420866977e+002	4.245488277e+001	7.010017500e-001
1.437611310e+002	4.298488518e+001	7.030017600e-001
1.454502889e+002	4.351964397e+001	7.050017700e-001
1.471542565e+002	4.405918548e+001	7.070017800e-001
1.488731191e+002	4.460353613e+001	7.090017900e-001
1.506069622e+002	4.515272246e+001	7.110018000e-001
1.523558717e+002	4.570677111e+001	7.130018100e-001
1.541199336e+002	4.626570881e+001	7.150018200e-001
1.558992340e+002	4.682956241e+001	7.170018300e-001
1.576938597e+002	4.739835884e+001	7.190018400e-001
1.595038973e+002	4.797212518e+001	7.210018500e-001
1.613294338e+002	4.855088857e+001	7.230018600e-001
1.631705565e+002	4.913467631e+001	7.250018700e-001
1.650273529e+002	4.972351578e+001	7.270018800e-001
1.668999108e+002	5.031743450e+001	7.290018900e-001
1.687883182e+002	5.091646009e+001	7.310019000e-001
1.706926633e+002	5.152062029e+001	7.330019100e-001
1.726130346e+002	5.212994299e+001	7.350019200e-001
1.745495209e+002	5.274445617e+001	7.370019300e-001
1.765022113e+002	5.336418796e+001	7.390019400e-001
1.784711949e+002	5.398916661e+001	7.410019500e-001
1.804565613e+002	5.461942049e+001	7.430019600e-001
1.824584002e+002	5.525497813e+001	7.450019700e-001
1.844768017e+002	5.589586817e+001	7.470019800e-001
1.865118561e+002	5.654211941e+001	7.490019900e-001
1.885636539e+002	5.719376077e+001	7.510020000e-001
1.906322858e+002	5.785082134e+001	7.530020100e-001
1.927178429e+002	5.851333032e+001	7.550020200e-001
1.948204166e+002	5.918131709e+001	7.570020300e-001
1.969400984e+002	5.985481116e+001	7.590020400e-001
1.990769801e+002	6.053384221e+001	7.610020500e-001
2.012311539e+002	6.121844006e+001	7.630020600e-001
2.034027120e+002	6.190863470e+001	7.650020700e-001
2.055917471e+002	6.260445627e+001	7.670020800e-001
2.077983520e+002	6.330593508e+001	7.690020900e-001
2.100226199e+002	6.401310161e+001	7.710021000e-001
2.122646443e+002	6.472598651e+001	7.730021100e-001
2.145245187e+002	6.544462060e+001	7.750021200e-001
2.168023372e+002	6.616903486e+001	7.770021300e-001
2.190981938e+002	6.689926048e+001	7.790021400e-001
2.214121832e+002	6.763532880e+001	7.810021500e-001
2.237444001e+002	6.837727136e+001	7.830021600e-001
2.260949394e+002	6.912511988e+001	7.850021700e-001
2.284638965e+002	6.987890628e+001	7.870021800e-001
2.308513669e+002	7.063866266e+001	7.890021900e-001
2.332574466e+002	7.140442133e+001	7.910022000e-001
2.356822315e+002	7.217621479e+001	7.930022100e-001
2.381258182e+002	7.295407575e+001	7.950022200e-001
2.405883032e+002	7.373803711e+001	7.970022300e-001
2.430697835e+002	7.452813201e+001	7.990022400e-001
2.455703564e+002	7.532439376e+001	8.010022500e-001
2.480901194e+002	7.612685592e+001	8.030022600e-001
2.506291703e+002	7.693555227e+001	8.050022700e-001
2.531876071e+002	7.775051678e+001	8.070022800e-001
2.557655282e+002	7.857178369e+001	8.090022900e-001
2.583633180e+002	7.940089221e+001	8.110023000e-001
2.609810820e+002	8.023791276e+001	8.130023100e-001
2.636186375e+002	8.108139366e+001	8.150023200e-001
2.662760832e+002	8.193136649e+001	8.170023300e-001
2.689535182e+002	8.278786290e+001	8.190023400e-001
2.716510419e+002	8.365091465e+001	8.210023500e-001
2.743687539e+002	8.452055356e+001	8.230023600e-001
2.771067542e+002	8.539681155e+001	8.250023700e-001
2.798651428e+002	8.627972064e+001	8.270023800e-001
2.826440202e+002	8.716931293e+001	8.290023900e-001
2.854434871e+002	8.806562061e+001	8.310024000e-001
2.882636444e+002	8.896867596e+001	8.330024100e-001
2.911045934e+002	8.987851138e+001	8.350024200e-001
2.939664355e+002	9.079515931e+001	8.370024300e-001
2.968492726e+002	9.171865235e+001	8.390024400e-001
2.997532066e+002	9.264902314e+001	8.410024500e-001
3.026783398e+002	9.358630444e+001	8.430024600e-001
3.056247750e+002	9.453052913e+001	8.450024700e-001
3.085926148e+002	9.548173014e+001	8.470024800e-001
3.115819624e+002	9.643994054e+001	8.490024900e-001
3.145929212e+002	9.740519348e+001	8.510025000e-001
3.176255950e+002	9.837752223e+001	8.530025100e-001
3.206800876e+002	9.935696014e+001	8.550025200e-001
3.237565034e+002	1.003435407e+002	8.570025300e-001
3.268549467e+002	1.013372974e+002	8.590025400e-001
3.299755225e+002	1.023382640e+002	8.610025500e-001
3.331183357e+002	1.033464743e+002	8.630025600e-001
3.362834918e+002	1.043619622e+002	8.650025700e-001
3.394710964e+002	1.053847615e+002	8.670025800e-001
3.426812555e+002	1.064149066e+002	8.690025900e-001
3.459140752e+002	1.074524316e+002	8.710026000e-001
3.491696620e+002	1.084973707e+002	8.730026100e-001
3.524481228e+002	1.095497586e+002	8.750026200e-001
3.557495647e+002	1.106096297e+002	8.770026300e-001
3.590740949e+002	1.116770188e+002	8.790026400e-001
3.624218212e+002	1.127519606e+002	8.810026500e-001
3.657928515e+002	1.138344900e+002	8.830026600e-001
3.691872942e+002	1.149246422e+002	8.850026700e-001
3.726052576e+002	1.160224522e+002	8.870026800e-001
3.760468507e+002	1.171279554e+002	8.890026900e-001
3.795121827e+002	1.182411871e+002	8.910027000e-001
3.830013629e+002	1.193621829e+002	8.930027100e-001
3.865145011e+002	1.204909785e+002	8.950027200e-001
3.900517074e+002	1.216276097e+002	8.970027300e-001
3.936130920e+002	1.227721123e+002	8.990027400e-001
3.971987657e+002	1.239245224e+002	9.010027500e-001
4.008088395e+002	1.250848763e+002	9.030027600e-001
4.044434245e+002	1.262532103e+002	9.050027700e-001
4.081026324e+002	1.274295607e+002	9.070027800e-001
4.117865750e+002	1.286139642e+002	9.090027900e-001
4.154953645e+002	1.298064576e+002	9.110028000e-001
4.192291135e+002	1.310070776e+002	9.130028100e-001
4.229879348e+002	1.322158614e+002	9.150028200e-001
4.267719415e+002	1.334328460e+002	9.170028300e-001
4.305812470e+002	1.346580689e+002	9.190028400e-001
4.344159652e+002	1.358915673e+002	9.210028500e-001
4.382762101e+002	1.371333790e+002	9.230028600e-001
4.421620962e+002	1.383835417e+002	9.250028700e-001
4.460737382e+002	1.396420932e+002	9.270028800e-001
4.500112512e+002	1.409090717e+002	9.290028900e-001
4.539747505e+002	1.421845153e+002	9.310029000e-001
4.579643519e+002	1.434684624e+002	9.330029100e-001
4.619801715e+002	1.447609516e+002	9.350029200e-001
4.660223255e+002	1.460620214e+002	9.370029300e-001
4.700909308e+002	1.473717108e+002	9.390029400e-001
4.741861044e+002	1.486900588e+002	9.410029500e-001
4.783079636e+002	1.500171044e+002	9.430029600e-001
4.824566290e+002	1.513528899e+002	9.450029700e-001
4.866340736e+002	1.526993098e+002	9.470029800e-001
4.908385871e+002	1.540545749e+002	9.490029900e-001
4.950702860e+002	1.554187230e+002	9.510030000e-001
4.993292871e+002	1.567917917e+002	9.530030100e-001
5.036157074e+002	1.581738187e+002	9.550030200e-001
5.079296641e+002	1.595648420e+002	9.570030300e-001
5.122712748e+002	1.609648996e+002	9.590030400e-001
5.166406573e+002	1.623740293e+002	9.610030500e-001
5.210379297e+002	1.637922696e+002	9.630030600e-001
5.254632103e+002	1.652196584e+002	9.650030700e-001
5.299166177e+002	1.666562344e+002	9.670030800e-001
5.343982708e+002	1.681020357e+002	9.690030900e-001
5.389082887e+002	1.695571011e+002	9.710031000e-001
5.434467907e+002	1.710214690e+002	9.730031100e-001
5.480138966e+002	1.724951783e+002	9.750031200e-001
5.526097263e+002	1.739782678e+002	9.770031300e-001
5.572343999e+002	1.754707765e+002	9.790031400e-001
5.618880380e+002	1.769727432e+002	9.810031500e-001
5.665707613e+002	1.784842072e+002	9.830031600e-001
5.712826908e+002	1.800052077e+002	9.850031700e-001
5.760239477e+002	1.815357841e+002	9.870031800e-001
5.807946536e+002	1.830759757e+002	9.890031900e-001
5.855949303e+002	1.846258221e+002	9.910032000e-001
5.904248999e+002	1.861853630e+002	9.930032100e-001
5.952846848e+002	1.877546381e+002	9.950032200e-001
6.001744075e+002	1.893336872e+002	9.970032300e-001
6.050941911e+002	1.909225503e+002	9.990032400e-001
6.326874489e+002	1.998358028e+002	1.010000000e+000
6.585891952e+002	2.082054361e+002	1.020000000e+000
6.852782931e+002	2.168321072e+002	1.030000000e+000
7.127706096e+002	2.257210156e+002	1.040000000e+000
7.410821895e+002	2.348774362e+002	1.050000000e+000
7.702292577e+002	2.443067227e+002	1.060000000e+000
8.002282215e+002	2.540143106e+002	1.070000000e+000
8.310956734e+002	2.640057202e+002	1.080000000e+000
8.628562881e+002	2.742946805e+002	1.090000000e+000
8.955194573e+002	2.848790972e+002	1.100000000e+000
9.291020579e+002	2.957644714e+002	1.110000000e+000
9.636211207e+002	3.069563606e+002	1.120000000e+000
9.990938306e+002	3.184603795e+002	1.130000000e+000
1.035537528e+003	3.302822012e+002	1.140000000e+000
1.072969706e+003	3.424275587e+002	1.150000000e+000
1.111408017e+003	3.549022458e+002	1.160000000e+000
1.150870266e+003	3.677121191e+002	1.170000000e+000
1.191374415e+003	3.808630989e+002	1.180000000e+000
1.232938582e+003	3.943611711e+002	1.190000000e+000
1.275581045e+003	4.082123886e+002	1.200000000e+000
1.319320238e+003	4.224228734e+002	1.210000000e+000
1.364175108e+003	4.370010837e+002	1.220000000e+000
1.410164429e+003	4.519534331e+002	1.230000000e+000
1.457306746e+003	4.672839119e+002	1.240000000e+000
1.505621102e+003	4.829987590e+002	1.250000000e+000
1.555126699e+003	4.991042692e+002	1.260000000e+000
1.605842897e+003	5.156067946e+002	1.270000000e+000
1.657789215e+003	5.325127454e+002	1.280000000e+000
1.710985331e+003	5.498285908e+002	1.290000000e+000
1.765451085e+003	5.675608598e+002	1.300000000e+000
1.821206478e+003	5.857161428e+002	1.310000000e+000
1.878271671e+003	6.043010921e+002	1.320000000e+000
1.936666989e+003	6.233224234e+002	1.330000000e+000
1.996412921e+003	6.427869169e+002	1.340000000e+000
2.057530119e+003	6.627014187e+002	1.350000000e+000
2.120047589e+003	6.830849513e+002	1.360000000e+000
2.183979086e+003	7.039338014e+002	1.370000000e+000
2.249345682e+003	7.252549013e+002	1.380000000e+000
2.316168603e+003	7.470552338e+002	1.390000000e+000
2.384469231e+003	7.693418323e+002	1.400000000e+000
2.454269102e+003	7.921217816e+002	1.410000000e+000
2.525589910e+003	8.154022176e+002	1.420000000e+000
2.598453502e+003	8.391903278e+002	1.430000000e+000
2.672881883e+003	8.634933520e+002	1.440000000e+000
2.748897213e+003	8.883185820e+002	1.450000000e+000
2.826521812e+003	9.136733626e+002	1.460000000e+000
2.905778155e+003	9.395650919e+002	1.470000000e+000
2.986688876e+003	9.660012213e+002	1.480000000e+000
3.069276769e+003	9.929892564e+002	1.490000000e+000
3.153564783e+003	1.020536757e+003	1.500000000e+000
3.239576032e+003	1.048651339e+003	1.510000000e+000
3.327333787e+003	1.077340672e+003	1.520000000e+000
3.416861481e+003	1.106612482e+003	1.530000000e+000
3.508182707e+003	1.136474554e+003	1.540000000e+000
3.601321222e+003	1.166934727e+003	1.550000000e+000
3.696300946e+003	1.198000899e+003	1.560000000e+000
3.793145962e+003	1.229681027e+003	1.570000000e+000
3.891880517e+003	1.261983126e+003	1.580000000e+000
3.992529023e+003	1.294915271e+003	1.590000000e+000
4.095116059e+003	1.328485597e+003	1.600000000e+000
4.199666371e+003	1.362702301e+003	1.610000000e+000
4.306204872e+003	1.397573641e+003	1.620000000e+000
4.414769330e+003	1.433121418e+003	1.630000000e+000
4.525372831e+003	1.469341089e+003	1.640000000e+000
4.638040696e+003	1.506240997e+003	1.650000000e+000
4.752798409e+003	1.543829538e+003	1.660000000e+000
4.869671613e+003	1.582115161e+003	1.670000000e+000
4.988686114e+003	1.621106369e+003	1.680000000e+000
5.109867880e+003	1.660811721e+003	1.690000000e+000
5.233243042e+003	1.701239831e+003	1.700000000e+000
5.358837895e+003	1.742399367e+003	1.710000000e+000
5.486678899e+003	1.784299055e+003	1.720000000e+000
5.616792679e+003	1.826947675e+003	1.730000000e+000
5.749206024e+003	1.870354066e+003	1.740000000e+000
5.883945891e+003	1.914527123e+003	1.750000000e+000
6.021039405e+003	1.959475800e+003	1.760000000e+000
6.160513856e+003	2.005209106e+003	1.770000000e+000
6.302396708e+003	2.051736112e+003	1.780000000e+000
6.446715588e+003	2.099065948e+003	1.790000000e+000
6.593498300e+003	2.147207803e+003	1.800000000e+000
6.742772815e+003	2.196170925e+003	1.810000000e+000
6.894567277e+003	2.245964625e+003	1.820000000e+000
7.048910005e+003	2.296598276e+003	1.830000000e+000
7.205829490e+003	2.348081311e+003	1.840000000e+000
7.365354400e+003	2.400423227e+003	1.850000000e+000
7.527513577e+003	2.453633585e+003	1.860000000e+000
7.692336042e+003	2.507722009e+003	1.870000000e+000
7.859850993e+003	2.562698188e+003	1.880000000e+000
8.030087809e+003	2.618571878e+003	1.890000000e+000
8.203109505e+003	2.675373810e+003	1.900000000e+000
8.378913501e+003	2.733093672e+003	1.910000000e+000
8.557529449e+003	2.791741252e+003	1.920000000e+000
8.738987159e+003	2.851326388e+003	1.930000000e+000
8.923316602e+003	2.911858973e+003	1.940000000e+000
9.110547908e+003	2.973348955e+003	1.950000000e+000
9.300711369e+003	3.035806333e+003	1.960000000e+000
9.493837438e+003	3.099241164e+003	1.970000000e+000
9.689956727e+003	3.163663556e+003	1.980000000e+000
9.889100013e+003	3.229083674e+003	1.990000000e+000
1.009129823e+004	3.295511738e+003	2.000000000e+000
1.029658248e+004	3.362958021e+003	2.010000000e+000
1.050498403e+004	3.431432855e+003	2.020000000e+000
1.071653429e+004	3.500946624e+003	2.030000000e+000
1.093126486e+004	3.571509771e+003	2.040000000e+000
1.114920749e+004	3.643132795e+003	2.050000000e+000
1.137039410e+004	3.715826249e+003	2.060000000e+000
1.159485676e+004	3.789600747e+003	2.070000000e+000
1.182262772e+004	3.864466957e+003	2.080000000e+000
1.205373940e+004	3.940435607e+003	2.090000000e+000
1.228822436e+004	4.017517481e+003	2.100000000e+000
1.252611537e+004	4.095723423e+003	2.110000000e+000
1.276744531e+004	4.175064334e+003	2.120000000e+000
1.301224728e+004	4.255551176e+003	2.130000000e+000
1.326055452e+004	4.337194969e+003	2.140000000e+000
1.351240044e+004	4.420006794e+003	2.150000000e+000
1.376781863e+004	4.503997790e+003	2.160000000e+000
1.402685885e+004	4.589191611e+003	2.170000000e+000
1.428953947e+004	4.675587424e+003	2.180000000e+000
1.455589446e+004	4.763196451e+003	2.190000000e+000
1.482595793e+004	4.852029965e+003	2.200000000e+000
1.509976418e+004	4.942099296e+003	2.210000000e+000
1.537734764e+004	5.033415827e+003	2.220000000e+000
1.565874293e+004	5.125990996e+003	2.230000000e+000
1.594398481e+004	5.219836294e+003	2.240000000e+000
1.623310822e+004	5.314963270e+003	2.250000000e+000
1.652614825e+004	5.411383526e+003	2.260000000e+000
1.682314017e+004	5.509108719e+003	2.270000000e+000
1.712411938e+004	5.608150562e+003	2.280000000e+000
1.742912149e+004	5.708520826e+003	2.290000000e+000
1.773818223e+004	5.810231333e+003	2.300000000e+000
1.805133753e+004	5.913293966e+003	2.310000000e+000
1.836862345e+004	6.017720662e+003	2.320000000e+000
1.869007625e+004	6.123523414e+003	2.330000000e+000
1.901573233e+004	6.230714274e+003	2.340000000e+000
1.934562826e+004	6.339305349e+003	2.350000000e+000
1.967980080e+004	6.449308804e+003	2.360000000e+000
2.001828684e+004	6.560736863e+003	2.370000000e+000
2.036112346e+004	6.673601807e+003	2.380000000e+000
2.070834789e+004	6.787915974e+003	2.390000000e+000
2.105999756e+004	6.903691761e+003	2.400000000e+000
2.141611004e+004	7.020941625e+003	2.410000000e+000
2.177672307e+004	7.139678080e+003	2.420000000e+000
2.214187457e+004	7.259913702e+003	2.430000000e+000
2.251160262e+004	7.381661124e+003	2.440000000e+000
2.288594548e+004	7.504933039e+003	2.450000000e+000
2.326494157e+004	7.629742202e+003	2.460000000e+000
2.364862949e+004	7.756101428e+003	2.470000000e+000
2.403704801e+004	7.884023592e+003	2.480000000e+000
2.443023606e+004	8.013521631e+003	2.490000000e+000
2.482823275e+004	8.144608542e+003	2.500000000e+000
2.523107738e+004	8.277297387e+003	2.510000000e+000
2.563880939e+004	8.411601287e+003	2.520000000e+000
2.605146842e+004	8.547533427e+003	2.530000000e+000
2.646909427e+004	8.685107056e+003	2.540000000e+000
2.689172693e+004	8.824335485e+003	2.550000000e+000
2.731940655e+004	8.965232088e+003	2.560000000e+000
2.775217347e+004	9.107810304e+003	2.570000000e+000
2.819006818e+004	9.252083639e+003	2.580000000e+000
2.863313139e+004	9.398065659e+003	2.590000000e+000
2.908140396e+004	9.545770000e+003	2.600000000e+000
2.953492692e+004	9.695210360e+003	2.610000000e+000
2.999374150e+004	9.846400505e+003	2.620000000e+000
3.045788910e+004	9.999354268e+003	2.630000000e+000
3.092741131e+004	1.015408555e+004	2.640000000e+000
3.140234989e+004	1.031060831e+004	2.650000000e+000
3.188274678e+004	1.046893660e+004	2.660000000e+000
3.236864412e+004	1.062908451e+004	2.670000000e+000
3.286008421e+004	1.079106621e+004	2.680000000e+000
3.335710955e+004	1.095489595e+004	2.690000000e+000
3.385976282e+004	1.112058803e+004	2.700000000e+000
3.436798902e+004	1.128809302e+004	2.710000000e+000
3.488191533e+004	1.145748023e+004	2.720000000e+000
3.540158406e+004	1.162876359e+004	2.730000000e+000
3.592703769e+004	1.180195706e+004	2.740000000e+000
3.645831883e+004	1.197707467e+004	2.750000000e+000
3.699547027e+004	1.215413049e+004	2.760000000e+000
3.753853493e+004	1.233313865e+004	2.770000000e+000
3.808755589e+004	1.251411330e+004	2.780000000e+000
3.864257640e+004	1.269706868e+004	2.790000000e+000
3.920363985e+004	1.288201905e+004	2.800000000e+000
3.977078977e+004	1.306897873e+004	2.810000000e+000
4.034406987e+004	1.325796209e+004	2.820000000e+000
4.092352399e+004	1.344898356e+004	2.830000000e+000
4.150919614e+004	1.364205759e+004	2.840000000e+000
4.210113048e+004	1.383719872e+004	2.850000000e+000
4.269937132e+004	1.403442151e+004	2.860000000e+000
4.330396312e+004	1.423374057e+004	2.870000000e+000
4.391495051e+004	1.443517058e+004	2.880000000e+000
4.453237825e+004	1.463872626e+004	2.890000000e+000
4.515629127e+004	1.484442238e+004	2.900000000e+000
4.578673465e+004	1.505227375e+004	2.910000000e+000
4.642375363e+004	1.526229524e+004	2.920000000e+000
4.706739359e+004	1.547450178e+004	2.930000000e+000
4.771770008e+004	1.568890834e+004	2.940000000e+000
4.837471878e+004	1.590552993e+004	2.950000000e+000
4.903849555e+004	1.612438163e+004	2.960000000e+000
4.970907640e+004	1.634547855e+004	2.970000000e+000
5.038650747e+004	1.656883588e+004	2.980000000e+000
5.107083509e+004	1.679446883e+004	2.990000000e+000
5.176210571e+004	1.702239267e+004	3.000000000e+000
5.246036596e+004	1.725262274e+004	3.010000000e+000
5.316566261e+004	1.748517440e+004	3.020000000e+000
5.387804259e+004	1.772006309e+004	3.030000000e+000
5.459755299e+004	1.795730427e+004	3.040000000e+000
5.532424104e+004	1.819691348e+004	3.050000000e+000
5.605815413e+004	1.843890629e+004	3.060000000e+000
5.679933982e+004	1.868329835e+004	3.070000000e+000
5.754784580e+004	1.893010532e+004	3.080000000e+000
5.830371994e+004	1.917934294e+004	3.090000000e+000
5.906701024e+004	1.943102700e+004	3.100000000e+000
5.983776487e+004	1.968517333e+004	3.110000000e+000
6.061603216e+004	1.994179781e+004	3.120000000e+000
6.140186058e+004	2.020091640e+004	3.130000000e+000
6.219529876e+004	2.046254508e+004	3.140000000e+000
6.299639550e+004	2.072669990e+004	3.150000000e+000
6.380519974e+004	2.099339694e+004	3.160000000e+000
6.462176058e+004	2.126265236e+004	3.170000000e+000
6.544612727e+004	2.153448236e+004	3.180000000e+000
6.627834923e+004	2.180890318e+004	3.190000000e+000
6.711847603e+004	2.208593115e+004	3.200000000e+000
6.796655738e+004	2.236558260e+004	3.210000000e+000
6.882264317e+004	2.264787395e+004	3.220000000e+000
6.968678343e+004	2.293282167e+004	3.230000000e+000
7.055902837e+004	2.322044227e+004	3.240000000e+000
7.143942832e+004	2.351075232e+004	3.250000000e+000
7.232803379e+004	2.380376844e+004	3.260000000e+000
7.322489546e+004	2.409950731e+004	3.270000000e+000
7.413006413e+004	2.439798566e+004	3.280000000e+000
7.504359079e+004	2.469922026e+004	3.290000000e+000
7.596552657e+004	2.500322795e+004	3.300000000e+000
7.689592277e+004	2.531002564e+004	3.310000000e+000
7.783483083e+004	2.561963025e+004	3.320000000e+000
7.878230237e+004	2.593205878e+004	3.330000000e+000
7.973838914e+004	2.624732830e+004	3.340000000e+000
8.070314308e+004	2.656545590e+004	3.350000000e+000
8.167661627e+004	2.688645875e+004	3.360000000e+000
8.265886095e+004	2.721035406e+004	3.370000000e+000
8.364992952e+004	2.753715911e+004	3.380000000e+000
8.464987453e+004	2.786689122e+004	3.390000000e+000
8.565874871e+004	2.819956778e+004	3.400000000e+000
8.667660494e+004	2.853520621e+004	3.410000000e+000
8.770349624e+004	2.887382401e+004	3.420000000e+000
8.873947582e+004	2.921543873e+004	3.430000000e+000
8.978459703e+004	2.956006798e+004	3.440000000e+000
9.083891339e+004	2.990772940e+004	3.450000000e+000
9.190247858e+004	3.025844073e+004	3.460000000e+000
9.297534642e+004	3.061221973e+004	3.470000000e+000
9.405757093e+004	3.096908422e+004	3.480000000e+000
9.514920625e+004	3.132905211e+004	3.490000000e+000
9.625030671e+004	3.169214132e+004	3.500000000e+000
9.736092678e+004	3.205836986e+004	3.510000000e+000
9.848112111e+004	3.242775578e+004	3.520000000e+000
9.961094451e+004	3.280031721e+004	3.530000000e+000
1.007504519e+005	3.317607230e+004	3.540000000e+000
1.018996985e+005	3.355503930e+004	3.550000000e+000
1.030587395e+005	3.393723649e+004	3.560000000e+000
1.042276304e+005	3.432268222e+004	3.570000000e+000
1.054064269e+005	3.471139489e+004	3.580000000e+000
1.065951846e+005	3.510339297e+004	3.590000000e+000
1.077939596e+005	3.549869498e+004	3.600000000e+000
1.090028079e+005	3.589731950e+004	3.610000000e+000
1.102217858e+005	3.629928517e+004	3.620000000e+000
1.114509498e+005	3.670461070e+004	3.630000000e+000
1.126903564e+005	3.711331485e+004	3.640000000e+000
1.139400624e+005	3.752541643e+004	3.650000000e+000
1.152001248e+005	3.794093433e+004	3.660000000e+000
1.164706006e+005	3.835988750e+004	3.670000000e+000
1.177515471e+005	3.878229492e+004	3.680000000e+000
1.190430217e+005	3.920817567e+004	3.690000000e+000
1.203450820e+005	3.963754888e+004	3.700000000e+000
1.216577858e+005	4.007043373e+004	3.710000000e+000
1.229811910e+005	4.050684946e+004	3.720000000e+000
1.243153557e+005	4.094681539e+004	3.730000000e+000
1.256603381e+005	4.139035090e+004	3.740000000e+000
1.270161967e+005	4.183747541e+004	3.750000000e+000
1.283829900e+005	4.228820843e+004	3.760000000e+000
1.297607769e+005	4.274256951e+004	3.770000000e+000
1.311496163e+005	4.320057828e+004	3.780000000e+000
1.325495672e+005	4.366225444e+004	3.790000000e+000
1.339606890e+005	4.412761773e+004	3.800000000e+000
1.353830410e+005	4.459668796e+004	3.810000000e+000
1.368166830e+005	4.506948503e+004	3.820000000e+000
1.382616746e+005	4.554602887e+004	3.830000000e+000
1.397180758e+005	4.602633950e+004	3.840000000e+000
1.411859468e+005	4.651043699e+004	3.850000000e+000
1.426653478e+005	4.699834149e+004	3.860000000e+000
1.441563394e+005	4.749007320e+004	3.870000000e+000
1.456589821e+005	4.798565240e+004	3.880000000e+000
1.471733368e+005	4.848509943e+004	3.890000000e+000
1.486994644e+005	4.898843469e+004	3.900000000e+000
1.502374261e+005	4.949567867e+004	3.910000000e+000
1.517872833e+005	5.000685190e+004	3.920000000e+000
1.533490974e+005	5.052197499e+004	3.930000000e+000
1.549229301e+005	5.104106863e+004	3.940000000e+000
1.565088433e+005	5.156415355e+004	3.950000000e+000
1.581068990e+005	5.209125058e+004	3.960000000e+000
1.597171595e+005	5.262238060e+004	3.970000000e+000
1.613396871e+005	5.315756457e+004	3.980000000e+000
1.629745443e+005	5.369682351e+004	3.990000000e+000
1.646217939e+005	5.424017851e+004	4.000000000e+000
1.662814989e+005	5.478765074e+004	4.010000000e+000
1.679537223e+005	5.533926144e+004	4.020000000e+000
1.696385274e+005	5.589503192e+004	4.030000000e+000
1.713359776e+005	5.645498354e+004	4.040000000e+000
1.730461365e+005	5.701913777e+004	4.050000000e+000
1.747690681e+005	5.758751613e+004	4.060000000e+000
1.765048362e+005	5.816014022e+004	4.070000000e+000
1.782535051e+005	5.873703169e+004	4.080000000e+000
1.800151390e+005	5.931821231e+004	4.090000000e+000
1.817898026e+005	5.990370388e+004	4.100000000e+000
1.835775606e+005	6.049352829e+004	4.110000000e+000
1.853784777e+005	6.108770752e+004	4.120000000e+000
1.871926193e+005	6.168626359e+004	4.130000000e+000
1.890200504e+005	6.228921864e+004	4.140000000e+000
1.908608365e+005	6.289659485e+004	4.150000000e+000
1.927150433e+005	6.350841449e+004	4.160000000e+000
1.945827366e+005	6.412469990e+004	4.170000000e+000
1.964639825e+005	6.474547351e+004	4.180000000e+000
1.983588470e+005	6.537075782e+004	4.190000000e+000
2.002673966e+005	6.600057541e+004	4.200000000e+000
2.021896979e+005	6.663494892e+004	4.210000000e+000
2.041258176e+005	6.727390111e+004	4.220000000e+000
2.060758226e+005	6.791745478e+004	4.230000000e+000
2.080397801e+005	6.856563283e+004	4.240000000e+000
2.100177574e+005	6.921845822e+004	4.250000000e+000
2.120098220e+005	6.987595403e+004	4.260000000e+000
2.140160416e+005	7.053814338e+004	4.270000000e+000
2.160364841e+005	7.120504949e+004	4.280000000e+000
2.180712177e+005	7.187669566e+004	4.290000000e+000
2.201203105e+005	7.255310527e+004	4.300000000e+000
2.221838311e+005	7.323430179e+004	4.310000000e+000
2.242618481e+005	7.392030876e+004	4.320000000e+000
2.263544303e+005	7.461114982e+004	4.330000000e+000
2.284616469e+005	7.530684869e+004	4.340000000e+000
2.305835671e+005	7.600742916e+004	4.350000000e+000
2.327202603e+005	7.671291513e+004	4.360000000e+000
2.348717962e+005	7.742333056e+004	4.370000000e+000
2.370382447e+005	7.813869952e+004	4.380000000e+000
2.392196756e+005	7.885904615e+004	4.390000000e+000
2.414161594e+005	7.958439468e+004	4.400000000e+000
2.436277664e+005	8.031476943e+004	4.410000000e+000
2.458545673e+005	8.105019482e+004	4.420000000e+000
2.480966328e+005	8.179069534e+004	4.430000000e+000
2.503540342e+005	8.253629558e+004	4.440000000e+000
2.526268425e+005	8.328702022e+004	4.450000000e+000
2.549151292e+005	8.404289402e+004	4.460000000e+000
2.572189661e+005	8.480394184e+004	4.470000000e+000
2.595384249e+005	8.557018864e+004	4.480000000e+000
2.618735776e+005	8.634165945e+004	4.490000000e+000
2.642244967e+005	8.711837942e+004	4.500000000e+000
2.665912544e+005	8.790037377e+004	4.510000000e+000
2.689739236e+005	8.868766781e+004	4.520000000e+000
2.713725770e+005	8.948028698e+004	4.530000000e+000
2.737872879e+005	9.027825678e+004	4.540000000e+000
2.762181294e+005	9.108160282e+004	4.550000000e+000
2.786651751e+005	9.189035079e+004	4.560000000e+000
2.811284987e+005	9.270452651e+004	4.570000000e+000
2.836081742e+005	9.352415586e+004	4.580000000e+000
2.861042756e+005	9.434926484e+004	4.590000000e+000
2.886168774e+005	9.517987955e+004	4.600000000e+000
2.911460541e+005	9.601602617e+004	4.610000000e+000
2.936918806e+005	9.685773100e+004	4.620000000e+000
2.962544317e+005	9.770502043e+004	4.630000000e+000
2.988337828e+005	9.855792095e+004	4.640000000e+000
3.014300093e+005	9.941645916e+004	4.650000000e+000
3.040431868e+005	1.002806618e+005	4.660000000e+000
3.066733911e+005	1.011505555e+005	4.670000000e+000
3.093206985e+005	1.020261674e+005	4.680000000e+000
3.119851851e+005	1.029075243e+005	4.690000000e+000
3.146669276e+005	1.037946535e+005	4.700000000e+000
3.173660026e+005	1.046875820e+005	4.710000000e+000
3.200824872e+005	1.055863373e+005	4.720000000e+000
3.228164586e+005	1.064909468e+005	4.730000000e+000
3.255679941e+005	1.074014380e+005	4.740000000e+000
3.283371715e+005	1.083178385e+005	4.750000000e+000
3.311240686e+005	1.092401761e+005	4.760000000e+000
3.339287635e+005	1.101684787e+005	4.770000000e+000
3.367513345e+005	1.111027743e+005	4.780000000e+000
3.395918602e+005	1.120430908e+005	4.790000000e+000
3.424504195e+005	1.129894566e+005	4.800000000e+000
3.453270912e+005	1.139418998e+005	4.810000000e+000
3.482219547e+005	1.149004490e+005	4.820000000e+000
3.511350894e+005	1.158651327e+005	4.830000000e+000
3.540665752e+005	1.168359795e+005	4.840000000e+000
3.570164918e+005	1.178130182e+005	4.850000000e+000
3.599849195e+005	1.187962776e+005	4.860000000e+000
3.629719388e+005	1.197857868e+005	4.870000000e+000
3.659776303e+005	1.207815748e+005	4.880000000e+000
3.690020748e+005	1.217836709e+005	4.890000000e+000
3.720453536e+005	1.227921044e+005	4.900000000e+000
3.751075480e+005	1.238069049e+005	4.910000000e+000
3.781887396e+005	1.248281018e+005	4.920000000e+000
3.812890103e+005	1.258557249e+005	4.930000000e+000
3.844084422e+005	1.268898040e+005	4.940000000e+000
3.875471176e+005	1.279303691e+005	4.950000000e+000
3.907051191e+005	1.289774503e+005	4.960000000e+000
3.938825297e+005	1.300310776e+005	4.970000000e+000
3.970794322e+005	1.310912816e+005	4.980000000e+000
4.002959102e+005	1.321580926e+005	4.990000000e+000
4.035320472e+005	1.332315411e+005	5.000000000e+000
4.067879269e+005	1.343116579e+005	5.010000000e+000
4.100636336e+005	1.353984739e+005	5.020000000e+000
4.133592515e+005	1.364920199e+005	5.030000000e+000
4.166748653e+005	1.375923271e+005	5.040000000e+000
4.200105597e+005	1.386994267e+005	5.050000000e+000
4.233664198e+005	1.398133500e+005	5.060000000e+000
4.267425312e+005	1.409341286e+005	5.070000000e+000
4.301389792e+005	1.420617939e+005	5.080000000e+000
4.335558499e+005	1.431963779e+005	5.090000000e+000
4.369932294e+005	1.443379123e+005	5.100000000e+000
4.404512040e+005	1.454864292e+005	5.110000000e+000
4.439298605e+005	1.466419607e+005	5.120000000e+000
4.474292856e+005	1.478045391e+005	5.130000000e+000
4.509495668e+005	1.489741969e+005	5.140000000e+000
4.544907912e+005	1.501509666e+005	5.150000000e+000
4.580530468e+005	1.513348809e+005	5.160000000e+000
4.616364215e+005	1.525259727e+005	5.170000000e+000
4.652410035e+005	1.537242750e+005	5.180000000e+000
4.688668814e+005	1.549298209e+005	5.190000000e+000
4.725141440e+005	1.561426436e+005	5.200000000e+000
4.761828803e+005	1.573627767e+005	5.210000000e+000
4.798731796e+005	1.585902536e+005	5.220000000e+000
4.835851317e+005	1.598251081e+005	5.230000000e+000
4.873188264e+005	1.610673741e+005	5.240000000e+000
4.910743539e+005	1.623170854e+005	5.250000000e+000
4.948518046e+005	1.635742764e+005	5.260000000e+000
4.986512693e+005	1.648389813e+005	5.270000000e+000
5.024728390e+005	1.661112345e+005	5.280000000e+000
5.063166050e+005	1.673910708e+005	5.290000000e+000
5.101826588e+005	1.686785247e+005	5.300000000e+000
5.140710924e+005	1.699736313e+005	5.310000000e+000
5.179819978e+005	1.712764256e+005	5.320000000e+000
5.219154676e+005	1.725869429e+005	5.330000000e+000
5.258715945e+005	1.739052184e+005	5.340000000e+000
5.298504714e+005	1.752312879e+005	5.350000000e+000
5.338521917e+005	1.765651869e+005	5.360000000e+000
5.378768491e+005	1.779069513e+005	5.370000000e+000
5.419245373e+005	1.792566172e+005	5.380000000e+000
5.459953507e+005	1.806142207e+005	5.390000000e+000
5.500893836e+005	1.819797981e+005	5.400000000e+000
5.541941212e+005	1.833404947e+005	5.410000000e+000
5.583217833e+005	1.847088042e+005	5.420000000e+000
5.624724550e+005	1.860847546e+005	5.430000000e+000
5.666462214e+005	1.874683742e+005	5.440000000e+000
5.708431676e+005	1.888596914e+005	5.450000000e+000
5.750633792e+005	1.902587346e+005	5.460000000e+000
5.793069418e+005	1.916655321e+005	5.470000000e+000
5.835739409e+005	1.930801124e+005	5.480000000e+000
5.878644626e+005	1.945025040e+005	5.490000000e+000
5.921785929e+005	1.959327355e+005	5.500000000e+000
5.965164179e+005	1.973708355e+005	5.510000000e+000
6.008780240e+005	1.988168326e+005	5.520000000e+000
6.052634977e+005	2.002707557e+005	5.530000000e+000
6.096729257e+005	2.017326333e+005	5.540000000e+000
6.141063947e+005	2.032024945e+005	5.550000000e+000
6.185639918e+005	2.046803680e+005	5.560000000e+000
6.230458041e+005	2.061662828e+005	5.570000000e+000
6.275519187e+005	2.076602678e+005	5.580000000e+000
6.320824233e+005	2.091623521e+005	5.590000000e+000
6.366374053e+005	2.106725647e+005	5.600000000e+000
6.412169524e+005	2.121909347e+005	5.610000000e+000
6.458211527e+005	2.137174914e+005	5.620000000e+000
6.504500940e+005	2.152522640e+005	5.630000000e+000
6.551038647e+005	2.167952817e+005	5.640000000e+000
6.597825531e+005	2.183465738e+005	5.650000000e+000
6.644862477e+005	2.199061698e+005	5.660000000e+000
6.692150372e+005	2.214740991e+005	5.670000000e+000
6.739690103e+005	2.230503912e+005	5.680000000e+000
6.787482562e+005	2.246350755e+005	5.690000000e+000
6.835528638e+005	2.262281817e+005	5.700000000e+000
6.883829225e+005	2.278297394e+005	5.710000000e+000
6.932385218e+005	2.294397783e+005	5.720000000e+000
6.981197511e+005	2.310583281e+005	5.730000000e+000
7.030267004e+005	2.326854186e+005	5.740000000e+000
7.079594594e+005	2.343210797e+005	5.750000000e+000
7.129181183e+005	2.359653412e+005	5.760000000e+000
7.179027673e+005	2.376182331e+005	5.770000000e+000
7.229134967e+005	2.392797854e+005	5.780000000e+000
7.279503970e+005	2.409500281e+005	5.790000000e+000
7.330135590e+005	2.426289912e+005	5.800000000e+000
7.381030734e+005	2.443167050e+005	5.810000000e+000
7.432190313e+005	2.460131997e+005	5.820000000e+000
7.483615239e+005	2.477185054e+005	5.830000000e+000
7.535306423e+005	2.494326525e+005	5.840000000e+000
7.587264781e+005	2.511556713e+005	5.850000000e+000
7.639491229e+005	2.528875922e+005	5.860000000e+000
7.691986684e+005	2.546284457e+005	5.870000000e+000
7.744752066e+005	2.563782623e+005	5.880000000e+000
7.797788295e+005	2.581370725e+005	5.890000000e+000
7.851096294e+005	2.599049069e+005	5.900000000e+000
7.904676986e+005	2.616817962e+005	5.910000000e+000
7.958531297e+005	2.634677710e+005	5.920000000e+000
8.012660154e+005	2.652628622e+005	5.930000000e+000
8.067064486e+005	2.670671005e+005	5.940000000e+000
8.121745221e+005	2.688805168e+005	5.950000000e+000
8.176703293e+005	2.707031420e+005	5.960000000e+000
8.231939635e+005	2.725350071e+005	5.970000000e+000
8.287455180e+005	2.743761430e+005	5.980000000e+000
8.343250865e+005	2.762265809e+005	5.990000000e+000
8.399327628e+005	2.780863517e+005	6.000000000e+000
8.455686409e+005	2.799554868e+005	6.010000000e+000
8.512328148e+005	2.818340174e+005	6.020000000e+000
8.569253787e+005	2.837219746e+005	6.030000000e+000
8.626464272e+005	2.856193898e+005	6.040000000e+000
8.683960547e+005	2.875262943e+005	6.050000000e+000
8.741743559e+005	2.894427197e+005	6.060000000e+000
8.799814258e+005	2.913686973e+005	6.070000000e+000
8.858173593e+005	2.933042586e+005	6.080000000e+000
8.916822516e+005	2.952494353e+005	6.090000000e+000
8.975761981e+005	2.972042590e+005	6.100000000e+000
9.034992943e+005	2.991687614e+005	6.110000000e+000
9.094516357e+005	3.011429741e+005	6.120000000e+000
9.154333182e+005	3.031269289e+005	6.130000000e+000
9.214444378e+005	3.051206577e+005	6.140000000e+000
9.274850906e+005	3.071241924e+005	6.150000000e+000
9.335553728e+005	3.091375649e+005	6.160000000e+000
9.396553809e+005	3.111608071e+005	6.170000000e+000
9.457852114e+005	3.131939511e+005	6.180000000e+000
9.519449611e+005	3.152370290e+005	6.190000000e+000
9.581347268e+005	3.172900730e+005	6.200000000e+000
9.643546057e+005	3.193531151e+005	6.210000000e+000
9.706046949e+005	3.214261877e+005	6.220000000e+000
9.768850918e+005	3.235093230e+005	6.230000000e+000
9.831958938e+005	3.256025534e+005	6.240000000e+000
9.895371988e+005	3.277059113e+005	6.250000000e+000
9.959091044e+005	3.298194291e+005	6.260000000e+000
1.002311709e+006	3.319431392e+005	6.270000000e+000
1.008745110e+006	3.340770744e+005	6.280000000e+000
1.015209406e+006	3.362212671e+005	6.290000000e+000
1.021704696e+006	3.383757500e+005	6.300000000e+000
1.028231078e+006	3.405405558e+005	6.310000000e+000
1.034788651e+006	3.427157172e+005	6.320000000e+000
1.041377513e+006	3.449012671e+005	6.330000000e+000
1.047997765e+006	3.470972384e+005	6.340000000e+000
1.054649505e+006	3.493036638e+005	6.350000000e+000
1.061332832e+006	3.515205764e+005	6.360000000e+000
1.068047846e+006	3.537480093e+005	6.370000000e+000
1.074794648e+006	3.559859954e+005	6.380000000e+000
1.081573335e+006	3.582345678e+005	6.390000000e+000
1.088384010e+006	3.604937598e+005	6.400000000e+000
1.095226771e+006	3.627636045e+005	6.410000000e+000
1.102101720e+006	3.650441353e+005	6.420000000e+000
1.109008956e+006	3.673353854e+005	6.430000000e+000
1.115948580e+006	3.696373882e+005	6.440000000e+000
1.122920694e+006	3.719501771e+005	6.450000000e+000
1.129925397e+006	3.742737857e+005	6.460000000e+000
1.136962792e+006	3.766082474e+005	6.470000000e+000
1.144032979e+006	3.789535958e+005	6.480000000e+000
1.151136059e+006	3.813098645e+005	6.490000000e+000
1.158272136e+006	3.836770873e+005	6.500000000e+000
1.165441309e+006	3.860552979e+005	6.510000000e+000
1.172643681e+006	3.884445300e+005	6.520000000e+000
1.179879355e+006	3.908448175e+005	6.530000000e+000
1.187148432e+006	3.932561943e+005	6.540000000e+000
1.194451014e+006	3.956786943e+005	6.550000000e+000
1.201787205e+006	3.981123515e+005	6.560000000e+000
1.209157106e+006	4.005572000e+005	6.570000000e+000
1.216560821e+006	4.030132738e+005	6.580000000e+000
1.223998453e+006	4.054806072e+005	6.590000000e+000
1.231470105e+006	4.079592342e+005	6.600000000e+000
1.238975879e+006	4.104491893e+005	6.610000000e+000
1.246515881e+006	4.129505066e+005	6.620000000e+000
1.254090212e+006	4.154632205e+005	6.630000000e+000
1.261698978e+006	4.179873655e+005	6.640000000e+000
1.269342282e+006	4.205229760e+005	6.650000000e+000
1.277020227e+006	4.230700866e+005	6.660000000e+000
1.284732919e+006	4.256287317e+005	6.670000000e+000
1.292480462e+006	4.281989460e+005	6.680000000e+000
1.300262960e+006	4.307807642e+005	6.690000000e+000
1.308080518e+006	4.333742210e+005	6.700000000e+000
1.315933241e+006	4.359793512e+005	6.710000000e+000
1.323821234e+006	4.385961897e+005	6.720000000e+000
1.331744602e+006	4.412247712e+005	6.730000000e+000
1.339703450e+006	4.438651307e+005	6.740000000e+000
1.347697885e+006	4.465173033e+005	6.750000000e+000
1.355728011e+006	4.491813239e+005	6.760000000e+000
1.363793935e+006	4.518572276e+005	6.770000000e+000
1.371895762e+006	4.545450497e+005	6.780000000e+000
1.380033599e+006	4.572448252e+005	6.790000000e+000
1.388207552e+006	4.599565895e+005	6.800000000e+000
1.396417727e+006	4.626803778e+005	6.810000000e+000
1.404664232e+006	4.654162255e+005	6.820000000e+000
1.412947172e+006	4.681641680e+005	6.830000000e+000
1.421266655e+006	4.709242407e+005	6.840000000e+000
1.429622788e+006	4.736964792e+005	6.850000000e+000
1.438015679e+006	4.764809191e+005	6.860000000e+000
1.446445434e+006	4.792775959e+005	6.870000000e+000
1.454912161e+006	4.820865453e+005	6.880000000e+000
1.463415968e+006	4.849078031e+005	6.890000000e+000
1.471956962e+006	4.877414050e+005	6.900000000e+000
1.480535253e+006	4.905873869e+005	6.910000000e+000
1.489150948e+006	4.934457846e+005	6.920000000e+000
1.497804155e+006	4.963166341e+005	6.930000000e+000
1.506494983e+006	4.991999714e+005	6.940000000e+000
1.515223541e+006	5.020958324e+005	6.950000000e+000
1.523989937e+006	5.050042534e+005	6.960000000e+000
1.532794281e+006	5.079252704e+005	6.970000000e+000
1.541636681e+006	5.108589196e+005	6.980000000e+000
1.550517248e+006	5.138052374e+005	6.990000000e+000
1.559436090e+006	5.167642599e+005	7.000000000e+000
1.568393318e+006	5.197360237e+005	7.010000000e+000
1.577389040e+006	5.227205650e+005	7.020000000e+000
1.586423368e+006	5.257179204e+005	7.030000000e+000
1.595496410e+006	5.287281264e+005	7.040000000e+000
1.604608278e+006	5.317512195e+005	7.050000000e+000
1.613759082e+006	5.347872364e+005	7.060000000e+000
1.622948933e+006	5.378362137e+005	7.070000000e+000
1.632177940e+006	5.408981883e+005	7.080000000e+000
1.641446216e+006	5.439731968e+005	7.090000000e+000
1.650753871e+006	5.470612762e+005	7.100000000e+000
1.660101017e+006	5.501624633e+005	7.110000000e+000
1.669487764e+006	5.532767950e+005	7.120000000e+000
1.678914225e+006	5.564043085e+005	7.130000000e+000
1.688380512e+006	5.595450407e+005	7.140000000e+000
1.697886735e+006	5.626990287e+005	7.150000000e+000
1.707433008e+006	5.658663097e+005	7.160000000e+000
1.717019442e+006	5.690469210e+005	7.170000000e+000
1.726646150e+006	5.722408997e+005	7.180000000e+000
1.736313245e+006	5.754482833e+005	7.190000000e+000
1.746020838e+006	5.786691091e+005	7.200000000e+000
1.755769044e+006	5.819034145e+005	7.210000000e+000
1.765557974e+006	5.851512371e+005	7.220000000e+000
1.775387743e+006	5.884126144e+005	7.230000000e+000
1.785258463e+006	5.916875839e+005	7.240000000e+000
1.795170249e+006	5.949761833e+005	7.250000000e+000
1.805123212e+006	5.982784504e+005	7.260000000e+000
1.815117469e+006	6.015944229e+005	7.270000000e+000
1.825153132e+006	6.049241386e+005	7.280000000e+000
1.835230316e+006	6.082676353e+005	7.290000000e+000
1.845349135e+006	6.116249511e+005	7.300000000e+000
1.855509703e+006	6.149961238e+005	7.310000000e+000
1.865712135e+006	6.183811915e+005	7.320000000e+000
1.875956547e+006	6.217801924e+005	7.330000000e+000
1.886243052e+006	6.251931645e+005	7.340000000e+000
1.896571767e+006	6.286201460e+005	7.350000000e+000
1.906942806e+006	6.320611752e+005	7.360000000e+000
1.917356285e+006	6.355162903e+005	7.370000000e+000
1.927812319e+006	6.389855299e+005	7.380000000e+000
1.938311025e+006	6.424689322e+005	7.390000000e+000
1.948852518e+006	6.459665357e+005	7.400000000e+000
1.959436914e+006	6.494783790e+005	7.410000000e+000
1.970064330e+006	6.530045007e+005	7.420000000e+000
1.980734882e+006	6.565449393e+005	7.430000000e+000
1.991448686e+006	6.600997336e+005	7.440000000e+000
2.002205860e+006	6.636689224e+005	7.450000000e+000
2.013006521e+006	6.672525443e+005	7.460000000e+000
2.023850785e+006	6.708506383e+005	7.470000000e+000
2.034738770e+006	6.744632434e+005	7.480000000e+000
2.045670592e+006	6.780903983e+005	7.490000000e+000
2.056646371e+006	6.817321423e+005	7.500000000e+000
2.067666223e+006	6.853885143e+005	7.510000000e+000
2.078730267e+006	6.890595535e+005	7.520000000e+000
2.089838620e+006	6.927452991e+005	7.530000000e+000
2.100991401e+006	6.964457903e+005	7.540000000e+000
2.112188729e+006	7.001610664e+005	7.550000000e+000
2.123430721e+006	7.038911668e+005	7.560000000e+000
2.134717496e+006	7.076361309e+005	7.570000000e+000
2.146049174e+006	7.113959982e+005	7.580000000e+000
2.157425874e+006	7.151708081e+005	7.590000000e+000
2.168847714e+006	7.189606004e+005	7.600000000e+000
2.180314815e+006	7.227654145e+005	7.610000000e+000
2.191827295e+006	7.265852902e+005	7.620000000e+000
2.203385275e+006	7.304202673e+005	7.630000000e+000
2.214988874e+006	7.342703856e+005	7.640000000e+000
2.226638213e+006	7.381356848e+005	7.650000000e+000
2.238333411e+006	7.420162050e+005	7.660000000e+000
2.250074590e+006	7.459119860e+005	7.670000000e+000
2.261861869e+006	7.498230680e+005	7.680000000e+000
2.273695369e+006	7.537494911e+005	7.690000000e+000
2.285575212e+006	7.576912953e+005	7.700000000e+000
2.297501518e+006	7.616485208e+005	7.710000000e+000
2.309474409e+006	7.656212080e+005	7.720000000e+000
2.321494006e+006	7.696093971e+005	7.730000000e+000
2.333560431e+006	7.736131285e+005	7.740000000e+000
2.345673805e+006	7.776324426e+005	7.750000000e+000
2.357834250e+006	7.816673800e+005	7.760000000e+000
2.370041888e+006	7.857179811e+005	7.770000000e+000
2.382296842e+006	7.897842865e+005	7.780000000e+000
2.394599234e+006	7.938663370e+005	7.790000000e+000
2.406949187e+006	7.979641732e+005	7.800000000e+000
2.419346823e+006	8.020778358e+005	7.810000000e+000
2.431792265e+006	8.062073658e+005	7.820000000e+000
2.444285636e+006	8.103528040e+005	7.830000000e+000
2.456827060e+006	8.145141913e+005	7.840000000e+000
2.469416660e+006	8.186915688e+005	7.850000000e+000
2.482054559e+006	8.228849775e+005	7.860000000e+000
2.494740882e+006	8.270944584e+005	7.870000000e+000
2.507475752e+006	8.313200529e+005	7.880000000e+000
2.520259293e+006	8.355618021e+005	7.890000000e+000
2.533091630e+006	8.398197473e+005	7.900000000e+000
2.545972887e+006	8.440939298e+005	7.910000000e+000
2.558903189e+006	8.483843911e+005	7.920000000e+000
2.571882659e+006	8.526911726e+005	7.930000000e+000
2.584911425e+006	8.570143158e+005	7.940000000e+000
2.597989610e+006	8.613538623e+005	7.950000000e+000
2.611117339e+006	8.657098538e+005	7.960000000e+000
2.624294739e+006	8.700823319e+005	7.970000000e+000
2.637521934e+006	8.744713385e+005	7.980000000e+000
2.650799051e+006	8.788769152e+005	7.990000000e+000
2.664126216e+006	8.832991040e+005	8.000000000e+000
2.677503555e+006	8.877379468e+005	8.010000000e+000
2.690931193e+006	8.921934856e+005	8.020000000e+000
2.704409258e+006	8.966657624e+005	8.030000000e+000
2.717937876e+006	9.011548194e+005	8.040000000e+000
2.731517174e+006	9.056606986e+005	8.050000000e+000
2.745147279e+006	9.101834424e+005	8.060000000e+000
2.758828318e+006	9.147230930e+005	8.070000000e+000
2.772560419e+006	9.192796928e+005	8.080000000e+000
2.786343709e+006	9.238532841e+005	8.090000000e+000
2.800178315e+006	9.284439094e+005	8.100000000e+000
2.814074618e+006	9.330566158e+005	8.110000000e+000
2.828022594e+006	9.376864904e+005	8.120000000e+000
2.842022372e+006	9.423335756e+005	8.130000000e+000
2.856074078e+006	9.469979139e+005	8.140000000e+000
2.870177841e+006	9.516795481e+005	8.150000000e+000
2.884333790e+006	9.563785207e+005	8.160000000e+000
2.898542053e+006	9.610948744e+005	8.170000000e+000
2.912802758e+006	9.658286519e+005	8.180000000e+000
2.927116035e+006	9.705798962e+005	8.190000000e+000
2.941482013e+006	9.753486500e+005	8.200000000e+000
2.955900821e+006	9.801349562e+005	8.210000000e+000
2.970372587e+006	9.849388578e+005	8.220000000e+000
2.984897443e+006	9.897603979e+005	8.230000000e+000
2.999475516e+006	9.945996194e+005	8.240000000e+000
3.014106937e+006	9.994565655e+005	8.250000000e+000
3.028791837e+006	1.004331279e+006	8.260000000e+000
3.043530344e+006	1.009223804e+006	8.270000000e+000
3.058322590e+006	1.014134183e+006	8.280000000e+000
3.073168704e+006	1.019062460e+006	8.290000000e+000
3.088068818e+006	1.024008678e+006	8.300000000e+000
3.103023062e+006	1.028972880e+006	8.310000000e+000
3.118031566e+006	1.033955110e+006	8.320000000e+000
3.133094463e+006	1.038955411e+006	8.330000000e+000
3.148211883e+006	1.043973828e+006	8.340000000e+000
3.163383957e+006	1.049010403e+006	8.350000000e+000
3.178610818e+006	1.054065180e+006	8.360000000e+000
3.193892596e+006	1.059138203e+006	8.370000000e+000
3.209229424e+006	1.064229517e+006	8.380000000e+000
3.224621434e+006	1.069339164e+006	8.390000000e+000
3.240068757e+006	1.074467188e+006	8.400000000e+000
3.255571527e+006	1.079613635e+006	8.410000000e+000
3.271129875e+006	1.084778546e+006	8.420000000e+000
3.286743934e+006	1.089961968e+006	8.430000000e+000
3.302413838e+006	1.095163943e+006	8.440000000e+000
3.318139718e+006	1.100384516e+006	8.450000000e+000
3.333921709e+006	1.105623732e+006	8.460000000e+000
3.349759942e+006	1.110881633e+006	8.470000000e+000
3.365654553e+006	1.116158266e+006	8.480000000e+000
3.381605674e+006	1.121453673e+006	8.490000000e+000
3.397613439e+006	1.126767900e+006	8.500000000e+000
3.413677982e+006	1.132100991e+006	8.510000000e+000
3.429799437e+006	1.137452991e+006	8.520000000e+000
3.445977939e+006	1.142823944e+006	8.530000000e+000
3.462213621e+006	1.148213894e+006	8.540000000e+000
3.478506618e+006	1.153622887e+006	8.550000000e+000
3.494857066e+006	1.159050967e+006	8.560000000e+000
3.511265098e+006	1.164498179e+006	8.570000000e+000
3.527730849e+006	1.169964568e+006	8.580000000e+000
3.544254456e+006	1.175450178e+006	8.590000000e+000
3.560836053e+006	1.180955056e+006	8.600000000e+000
3.577475775e+006	1.186479244e+006	8.610000000e+000
3.594173759e+006	1.192022790e+006	8.620000000e+000
3.610930141e+006	1.197585737e+006	8.630000000e+000
3.627745055e+006	1.203168132e+006	8.640000000e+000
3.644618638e+006	1.208770018e+006	8.650000000e+000
3.661551027e+006	1.214391442e+006	8.660000000e+000
3.678542358e+006	1.220032449e+006	8.670000000e+000
3.695592768e+006	1.225693084e+006	8.680000000e+000
3.712702392e+006	1.231373393e+006	8.690000000e+000
3.729871369e+006	1.237073420e+006	8.700000000e+000
3.747099836e+006	1.242793212e+006	8.710000000e+000
3.764387928e+006	1.248532815e+006	8.720000000e+000
3.781735785e+006	1.254292273e+006	8.730000000e+000
3.799143543e+006	1.260071632e+006	8.740000000e+000
3.816611340e+006	1.265870939e+006	8.750000000e+000
3.834139314e+006	1.271690239e+006	8.760000000e+000
3.851727603e+006	1.277529577e+006	8.770000000e+000
3.869376345e+006	1.283389000e+006	8.780000000e+000
3.887085679e+006	1.289268554e+006	8.790000000e+000
3.904855743e+006	1.295168285e+006	8.800000000e+000
3.922686675e+006	1.301088238e+006	8.810000000e+000
3.940578615e+006	1.307028460e+006	8.820000000e+000
3.958531701e+006	1.312988998e+006	8.830000000e+000
3.976546073e+006	1.318969896e+006	8.840000000e+000
3.994621870e+006	1.324971202e+006	8.850000000e+000
4.012759231e+006	1.330992961e+006	8.860000000e+000
4.030958295e+006	1.337035221e+006	8.870000000e+000
4.049219204e+006	1.343098027e+006	8.880000000e+000
4.067542096e+006	1.349181427e+006	8.890000000e+000
4.085927112e+006	1.355285465e+006	8.900000000e+000
4.104374391e+006	1.361410190e+006	8.910000000e+000
4.122884075e+006	1.367555648e+006	8.920000000e+000
4.141456304e+006	1.373721885e+006	8.930000000e+000
4.160091218e+006	1.379908949e+006	8.940000000e+000
4.178788959e+006	1.386116885e+006	8.950000000e+000
4.197549667e+006	1.392345741e+006	8.960000000e+000
4.216373484e+006	1.398595564e+006	8.970000000e+000
4.235260551e+006	1.404866401e+006	8.980000000e+000
4.254211009e+006	1.411158298e+006	8.990000000e+000
4.273225000e+006	1.417471303e+006	9.000000000e+000
4.292302667e+006	1.423805463e+006	9.010000000e+000
4.311444150e+006	1.430160825e+006	9.020000000e+000
4.330649593e+006	1.436537436e+006	9.030000000e+000
4.349919137e+006	1.442935343e+006	9.040000000e+000
4.369252925e+006	1.449354594e+006	9.050000000e+000
4.388651100e+006	1.455795237e+006	9.060000000e+000
4.408113803e+006	1.462257318e+006	9.070000000e+000
4.427641180e+006	1.468740885e+006	9.080000000e+000
4.447233371e+006	1.475245985e+006	9.090000000e+000
4.466890521e+006	1.481772667e+006	9.100000000e+000
4.486612773e+006	1.488320977e+006	9.110000000e+000
4.506400271e+006	1.494890964e+006	9.120000000e+000
4.526253158e+006	1.501482675e+006	9.130000000e+000
4.546171578e+006	1.508096158e+006	9.140000000e+000
4.566155675e+006	1.514731461e+006	9.150000000e+000
4.586205594e+006	1.521388632e+006	9.160000000e+000
4.606321479e+006	1.528067718e+006	9.170000000e+000
4.626503474e+006	1.534768768e+006	9.180000000e+000
4.646751724e+006	1.541491830e+006	9.190000000e+000
4.667066374e+006	1.548236951e+006	9.200000000e+000
4.687447570e+006	1.555004181e+006	9.210000000e+000
4.707895455e+006	1.561793567e+006	9.220000000e+000
4.728410175e+006	1.568605157e+006	9.230000000e+000
4.748991877e+006	1.575439001e+006	9.240000000e+000
4.769640705e+006	1.582295145e+006	9.250000000e+000
4.790356806e+006	1.589173639e+006	9.260000000e+000
4.811140324e+006	1.596074531e+006	9.270000000e+000
4.831991408e+006	1.602997870e+006	9.280000000e+000
4.852910202e+006	1.609943704e+006	9.290000000e+000
4.873896853e+006	1.616912081e+006	9.300000000e+000
4.894951508e+006	1.623903052e+006	9.310000000e+000
4.916074313e+006	1.630916663e+006	9.320000000e+000
4.937265416e+006	1.637952965e+006	9.330000000e+000
4.958524964e+006	1.645012006e+006	9.340000000e+000
4.979853103e+006	1.652093834e+006	9.350000000e+000
5.001249982e+006	1.659198500e+006	9.360000000e+000
5.022715747e+006	1.666326051e+006	9.370000000e+000
5.044250547e+006	1.673476537e+006	9.380000000e+000
5.065854529e+006	1.680650007e+006	9.390000000e+000
5.087527841e+006	1.687846510e+006	9.400000000e+000
5.109270632e+006	1.695066096e+006	9.410000000e+000
5.131083050e+006	1.702308813e+006	9.420000000e+000
5.152965243e+006	1.709574711e+006	9.430000000e+000
5.174917361e+006	1.716863840e+006	9.440000000e+000
5.196939551e+006	1.724176248e+006	9.450000000e+000
5.219031964e+006	1.731511986e+006	9.460000000e+000
5.241194748e+006	1.738871102e+006	9.470000000e+000
5.263428052e+006	1.746253647e+006	9.480000000e+000
5.285732026e+006	1.753659670e+006	9.490000000e+000
5.308106819e+006	1.761089221e+006	9.500000000e+000
5.330552582e+006	1.768542349e+006	9.510000000e+000
5.353069464e+006	1.776019105e+006	9.520000000e+000
5.375657616e+006	1.783519538e+006	9.530000000e+000
5.398317187e+006	1.791043698e+006	9.540000000e+000
5.421048328e+006	1.798591635e+006	9.550000000e+000
5.443851191e+006	1.806163399e+006	9.560000000e+000
5.466725924e+006	1.813759041e+006	9.570000000e+000
5.489672680e+006	1.821378609e+006	9.580000000e+000
5.512691610e+006	1.829022155e+006	9.590000000e+000
5.535782864e+006	1.836689729e+006	9.600000000e+000
5.558946595e+006	1.844381381e+006	9.610000000e+000
5.582182953e+006	1.852097161e+006	9.620000000e+000
5.605492090e+006	1.859837120e+006	9.630000000e+000
5.628874159e+006	1.867601309e+006	9.640000000e+000
5.652329311e+006	1.875389777e+006	9.650000000e+000
5.675857698e+006	1.883202575e+006	9.660000000e+000
5.699459474e+006	1.891039754e+006	9.670000000e+000
5.723134789e+006	1.898901364e+006	9.680000000e+000
5.746883798e+006	1.906787457e+006	9.690000000e+000
5.770706653e+006	1.914698083e+006	9.700000000e+000
5.794603507e+006	1.922633292e+006	9.710000000e+000
5.818574512e+006	1.930593137e+006	9.720000000e+000
5.842619824e+006	1.938577667e+006	9.730000000e+000
5.866739594e+006	1.946586933e+006	9.740000000e+000
5.890933976e+006	1.954620987e+006	9.750000000e+000
5.915203125e+006	1.962679880e+006	9.760000000e+000
5.939547194e+006	1.970763663e+006	9.770000000e+000
5.963966337e+006	1.978872387e+006	9.780000000e+000
5.988460710e+006	1.987006103e+006	9.790000000e+000
6.013030465e+006	1.995164863e+006	9.800000000e+000
6.037675758e+006	2.003348718e+006	9.810000000e+000
6.062396744e+006	2.011557719e+006	9.820000000e+000
6.087193577e+006	2.019791918e+006	9.830000000e+000
6.112066412e+006	2.028051367e+006	9.840000000e+000
6.137015405e+006	2.036336116e+006	9.850000000e+000
6.162040712e+006	2.044646218e+006	9.860000000e+000
6.187142487e+006	2.052981725e+006	9.870000000e+000
6.212320887e+006	2.061342687e+006	9.880000000e+000
6.237576067e+006	2.069729157e+006	9.890000000e+000
6.262908184e+006	2.078141187e+006	9.900000000e+000
6.288317393e+006	2.086578828e+006	9.910000000e+000
6.313803851e+006	2.095042133e+006	9.920000000e+000
6.339367715e+006	2.103531153e+006	9.930000000e+000
6.365009141e+006	2.112045941e+006	9.940000000e+000
6.390728287e+006	2.120586548e+006	9.950000000e+000
6.416525308e+006	2.129153028e+006	9.960000000e+000
6.442400363e+006	2.137745431e+006	9.970000000e+000
6.468353608e+006	2.146363811e+006	9.980000000e+000
6.494385202e+006	2.155008219e+006	9.990000000e+000
6.520495301e+006	2.163678708e+006	1.000000000e+001
